1709734941813 12567.0341796875 0
1709734941862 5939.53125 1
1709734941909 1868.79443359375 2
1709734941956 1335.689208984375 3
1709734942004 1306.2308349609375 4
1709734942052 1259.7252197265625 5
1709734942099 1216.0562744140625 6
1709734942145 1202.4288330078125 7
1709734942191 1144.67919921875 8
1709734942239 1121.9940185546875 9
1709734942287 1078.5545654296875 10
1709734942334 1039.94970703125 11
1709734942382 1010.2605590820312 12
1709734942429 984.68505859375 13
1709734942476 960.0759887695312 14
1709734942523 913.2421875 15
1709734942571 917.2517700195312 16
1709734942617 856.039794921875 17
1709734942663 837.64501953125 18
1709734942709 821.2986450195312 19
1709734942766 793.2025756835938 20
1709734942812 757.082275390625 21
1709734942861 740.5385131835938 22
1709734942911 704.6326293945312 23
1709734942960 680.073974609375 24
1709734943007 642.8922729492188 25
1709734943055 634.7679443359375 26
1709734943102 593.995361328125 27
1709734943150 568.3497924804688 28
1709734943199 555.1688842773438 29
1709734943250 520.45947265625 30
1709734943299 509.6430358886719 31
1709734943347 478.63885498046875 32
1709734943395 455.03924560546875 33
1709734943442 450.8023376464844 34
1709734943491 427.2554016113281 35
1709734943541 394.8218688964844 36
1709734943590 412.10760498046875 37
1709734943638 392.06072998046875 38
1709734943686 381.82830810546875 39
1709734943734 370.15509033203125 40
1709734943784 372.24456787109375 41
1709734943834 339.1288757324219 42
1709734943885 344.7743835449219 43
1709734943938 354.7188720703125 44
1709734944000 341.39630126953125 45
1709734944048 337.2027587890625 46
1709734944099 346.7772216796875 47
1709734944149 336.04742431640625 48
1709734944202 327.84796142578125 49
1709734944259 323.7203063964844 50
1709734944316 323.7759094238281 51
1709734944365 321.4547119140625 52
1709734944415 329.917724609375 53
1709734944471 349.7117919921875 54
1709734944522 326.499755859375 55
1709734944571 317.62933349609375 56
1709734944619 326.940673828125 57
1709734944667 345.35516357421875 58
1709734944714 316.3870544433594 59
1709734944763 323.7081298828125 60
1709734944818 320.65057373046875 61
1709734944879 297.2752990722656 62
1709734944951 321.9395751953125 63
1709734945010 311.158935546875 64
1709734945069 318.06427001953125 65
1709734945148 300.10430908203125 66
1709734945208 313.2498474121094 67
1709734945265 322.3264465332031 68
1709734945313 310.2913513183594 69
1709734945363 305.9882507324219 70
1709734945410 302.5089111328125 71
1709734945460 314.0013732910156 72
1709734945507 313.0814514160156 73
1709734945555 308.39752197265625 74
1709734945602 305.53289794921875 75
1709734945649 300.1950378417969 76
1709734945697 301.58880615234375 77
1709734945746 296.055419921875 78
1709734945795 301.56622314453125 79
1709734945841 300.3802795410156 80
1709734945888 311.9467468261719 81
1709734945934 313.8505859375 82
1709734945983 313.96917724609375 83
1709734946032 305.734130859375 84
1709734946080 301.111572265625 85
1709734946127 300.3560485839844 86
1709734946175 304.62420654296875 87
1709734946223 324.6855163574219 88
1709734946270 297.7364501953125 89
1709734946316 295.7077331542969 90
1709734946362 300.38812255859375 91
1709734946408 296.0252990722656 92
1709734946455 299.8700866699219 93
1709734946501 295.13653564453125 94
1709734946548 288.1616516113281 95
1709734946594 302.61993408203125 96
1709734946640 310.4239196777344 97
1709734946687 303.45953369140625 98
1709734946734 300.73284912109375 99
1709734946781 295.6806335449219 100
1709734946827 293.6030578613281 101
1709734946874 299.16510009765625 102
1709734946920 291.99609375 103
1709734946967 295.9232177734375 104
1709734947015 297.9842224121094 105
1709734947062 296.51629638671875 106
1709734947110 279.37225341796875 107
1709734947158 292.0711669921875 108
1709734947208 293.52703857421875 109
1709734947257 288.8043212890625 110
1709734947307 292.9111633300781 111
1709734947355 298.20916748046875 112
1709734947402 300.68603515625 113
1709734947449 301.61846923828125 114
1709734947498 282.76708984375 115
1709734947547 302.2903137207031 116
1709734947595 296.53912353515625 117
1709734947644 286.66973876953125 118
1709734947693 294.2406005859375 119
