1709734941813 104.14697265625 0
1709734941862 66.48043823242188 1
1709734941909 34.98238754272461 2
1709734941956 29.7635555267334 3
1709734942004 29.086528778076172 4
1709734942052 28.915071487426758 5
1709734942099 28.561439514160156 6
1709734942145 28.234207153320312 7
1709734942191 27.66754722595215 8
1709734942239 27.485515594482422 9
1709734942287 27.186382293701172 10
1709734942334 26.633460998535156 11
1709734942382 26.225385665893555 12
1709734942429 25.782133102416992 13
1709734942476 25.651378631591797 14
1709734942523 24.917652130126953 15
1709734942571 25.01447105407715 16
1709734942617 24.299453735351562 17
1709734942663 23.84308433532715 18
1709734942709 23.624040603637695 19
1709734942766 23.45391273498535 20
1709734942812 22.58102798461914 21
1709734942861 22.48320770263672 22
1709734942911 21.835412979125977 23
1709734942960 21.646039962768555 24
1709734943007 20.70181655883789 25
1709734943055 20.868276596069336 26
1709734943102 19.759485244750977 27
1709734943150 19.53011131286621 28
1709734943199 19.219074249267578 29
1709734943250 18.678730010986328 30
1709734943299 18.42156982421875 31
1709734943347 17.70713996887207 32
1709734943395 17.071001052856445 33
1709734943442 16.909271240234375 34
1709734943491 16.594757080078125 35
1709734943541 15.866467475891113 36
1709734943590 16.174968719482422 37
1709734943638 15.796855926513672 38
1709734943686 15.196769714355469 39
1709734943734 15.040975570678711 40
1709734943784 15.138087272644043 41
1709734943834 14.141404151916504 42
1709734943885 14.526965141296387 43
1709734943938 14.880090713500977 44
1709734944000 14.281208038330078 45
1709734944048 14.4658784866333 46
1709734944099 14.500432014465332 47
1709734944149 14.331842422485352 48
1709734944202 14.353873252868652 49
1709734944259 13.9883451461792 50
1709734944316 14.18014907836914 51
1709734944365 13.885262489318848 52
1709734944415 14.29757308959961 53
1709734944471 14.56750774383545 54
1709734944522 14.180678367614746 55
1709734944571 13.698619842529297 56
1709734944619 14.258291244506836 57
1709734944667 14.739233016967773 58
1709734944714 14.080521583557129 59
1709734944763 13.979167938232422 60
1709734944818 14.00036334991455 61
1709734944879 13.436359405517578 62
1709734944951 14.062369346618652 63
1709734945010 13.85598373413086 64
1709734945069 13.952077865600586 65
1709734945148 13.635144233703613 66
1709734945208 14.092312812805176 67
1709734945265 14.195539474487305 68
1709734945313 13.914153099060059 69
1709734945363 13.654797554016113 70
1709734945410 13.634620666503906 71
1709734945460 13.209783554077148 72
1709734945507 13.859910011291504 73
1709734945555 13.569723129272461 74
1709734945602 13.512720108032227 75
1709734945649 13.413824081420898 76
1709734945697 14.01750373840332 77
1709734945746 13.342037200927734 78
1709734945795 13.468056678771973 79
1709734945841 13.572126388549805 80
1709734945888 13.651839256286621 81
1709734945934 13.698500633239746 82
1709734945983 13.674630165100098 83
1709734946032 13.77014446258545 84
1709734946080 13.459249496459961 85
1709734946127 13.410216331481934 86
1709734946175 13.23536491394043 87
1709734946223 14.012613296508789 88
1709734946270 13.357063293457031 89
1709734946316 13.168122291564941 90
1709734946362 13.466290473937988 91
1709734946408 13.348257064819336 92
1709734946455 13.376567840576172 93
1709734946501 13.255938529968262 94
1709734946548 13.124063491821289 95
1709734946594 13.347424507141113 96
1709734946640 14.032976150512695 97
1709734946687 13.641440391540527 98
1709734946734 13.243486404418945 99
1709734946781 13.56640338897705 100
1709734946827 13.057055473327637 101
1709734946874 13.116233825683594 102
1709734946920 13.422331809997559 103
1709734946967 13.191313743591309 104
1709734947015 13.483388900756836 105
1709734947062 12.999889373779297 106
1709734947110 13.021136283874512 107
1709734947158 13.086409568786621 108
1709734947208 13.14379596710205 109
1709734947257 12.98678207397461 110
1709734947307 13.27038288116455 111
1709734947355 13.34555435180664 112
1709734947402 13.683541297912598 113
1709734947449 13.452247619628906 114
1709734947498 13.158041954040527 115
1709734947547 13.463994026184082 116
1709734947595 13.093754768371582 117
1709734947644 12.859889030456543 118
1709734947693 13.282347679138184 119
