1709737509202 14494.5966796875 0
1709737509253 11148.03515625 1
1709737509303 3852.792724609375 2
1709737509352 1411.9564208984375 3
1709737509399 1357.7149658203125 4
1709737509448 1309.9947509765625 5
1709737509496 1246.873779296875 6
1709737509545 1231.0076904296875 7
1709737509592 1173.7786865234375 8
1709737509638 1181.2750244140625 9
1709737509686 1124.5972900390625 10
1709737509735 1095.72998046875 11
1709737509783 1070.5726318359375 12
1709737509830 1064.135986328125 13
1709737509876 1026.4705810546875 14
1709737509923 1012.9533081054688 15
1709737509971 997.4251708984375 16
1709737510018 968.8869018554688 17
1709737510064 936.2798461914062 18
1709737510110 937.9891967773438 19
1709737510157 910.0382690429688 20
1709737510203 907.7345581054688 21
1709737510249 872.9838256835938 22
1709737510295 873.41552734375 23
1709737510342 848.09228515625 24
1709737510388 839.0529174804688 25
1709737510435 823.982666015625 26
1709737510481 798.9865112304688 27
1709737510528 792.2076416015625 28
1709737510575 762.5021362304688 29
1709737510621 757.6718139648438 30
1709737510668 737.6903686523438 31
1709737510714 719.5195922851562 32
1709737510761 704.6593627929688 33
1709737510808 687.9088134765625 34
1709737510854 667.6858520507812 35
1709737510901 646.4183349609375 36
1709737510947 644.974365234375 37
1709737510994 616.8975219726562 38
1709737511041 605.3651123046875 39
1709737511087 588.628662109375 40
1709737511133 570.38623046875 41
1709737511180 548.5120849609375 42
1709737511227 536.519775390625 43
1709737511274 511.6947326660156 44
1709737511320 497.990234375 45
1709737511367 472.94793701171875 46
1709737511413 455.8619384765625 47
1709737511461 447.4482116699219 48
1709737511509 427.015625 49
1709737511557 417.50408935546875 50
1709737511603 416.95703125 51
1709737511649 412.3748779296875 52
1709737511696 394.34722900390625 53
1709737511742 387.9562072753906 54
1709737511789 376.7244873046875 55
1709737511837 372.691162109375 56
1709737511883 362.170166015625 57
1709737511929 354.5424499511719 58
1709737511977 365.66754150390625 59
1709737512024 355.515869140625 60
1709737512070 348.4713134765625 61
1709737512117 329.0921936035156 62
1709737512164 344.23980712890625 63
1709737512210 339.3351135253906 64
1709737512257 337.7538146972656 65
1709737512304 333.51715087890625 66
1709737512351 329.9837951660156 67
1709737512399 324.8562316894531 68
1709737512445 327.825927734375 69
1709737512493 319.063720703125 70
1709737512539 332.90216064453125 71
1709737512587 317.37042236328125 72
1709737512635 322.34979248046875 73
1709737512682 329.3794860839844 74
1709737512729 324.4549865722656 75
1709737512776 316.4002380371094 76
1709737512821 337.09747314453125 77
1709737512868 328.7530212402344 78
1709737512915 314.7976379394531 79
1709737512961 325.0014953613281 80
1709737513009 310.4237060546875 81
1709737513055 300.32958984375 82
1709737513101 308.7886047363281 83
1709737513149 314.5519714355469 84
1709737513195 328.29473876953125 85
1709737513243 314.6961669921875 86
1709737513289 319.8870544433594 87
1709737513336 307.5377197265625 88
1709737513382 312.701416015625 89
1709737513429 307.2055969238281 90
1709737513477 312.89990234375 91
1709737513524 302.5749816894531 92
1709737513570 300.31805419921875 93
1709737513617 304.1717529296875 94
1709737513664 311.12921142578125 95
1709737513711 300.8836975097656 96
1709737513758 310.3565368652344 97
1709737513804 308.4775085449219 98
1709737513851 300.0948181152344 99
1709737513898 315.95758056640625 100
1709737513945 300.0196533203125 101
1709737513992 305.6075439453125 102
1709737514039 302.6528625488281 103
1709737514086 319.18768310546875 104
1709737514132 302.1629943847656 105
1709737514179 290.8597717285156 106
1709737514227 309.6815185546875 107
1709737514274 297.6000671386719 108
1709737514320 299.12744140625 109
1709737514367 300.2339782714844 110
1709737514413 300.00634765625 111
1709737514460 298.21136474609375 112
1709737514509 284.6163330078125 113
1709737514556 296.41571044921875 114
1709737514603 300.7978210449219 115
1709737514650 302.4607849121094 116
1709737514697 299.95330810546875 117
1709737514744 297.9067077636719 118
1709737514791 301.406494140625 119
