1709737509202 113.33055877685547 0
1709737509253 98.04698181152344 1
1709737509303 51.60905456542969 2
1709737509352 30.639606475830078 3
1709737509399 30.228731155395508 4
1709737509448 29.525232315063477 5
1709737509496 28.700151443481445 6
1709737509545 28.858076095581055 7
1709737509592 27.874526977539062 8
1709737509638 28.293153762817383 9
1709737509686 27.57937240600586 10
1709737509735 27.180299758911133 11
1709737509783 26.811342239379883 12
1709737509830 26.350873947143555 13
1709737509876 26.4793701171875 14
1709737509923 26.274980545043945 15
1709737509971 26.194852828979492 16
1709737510018 25.7248592376709 17
1709737510064 25.322458267211914 18
1709737510110 25.417219161987305 19
1709737510157 24.981626510620117 20
1709737510203 24.946250915527344 21
1709737510249 24.569252014160156 22
1709737510295 24.541898727416992 23
1709737510342 24.20766830444336 24
1709737510388 24.010454177856445 25
1709737510435 23.728178024291992 26
1709737510481 23.306842803955078 27
1709737510528 23.082378387451172 28
1709737510575 22.754453659057617 29
1709737510621 22.665857315063477 30
1709737510668 22.59451675415039 31
1709737510714 22.084911346435547 32
1709737510761 21.80419158935547 33
1709737510808 21.7530574798584 34
1709737510854 21.16144561767578 35
1709737510901 20.731124877929688 36
1709737510947 20.611013412475586 37
1709737510994 20.288326263427734 38
1709737511041 20.238004684448242 39
1709737511087 19.88567352294922 40
1709737511133 19.44427490234375 41
1709737511180 18.938486099243164 42
1709737511227 18.656118392944336 43
1709737511274 18.337501525878906 44
1709737511320 17.883224487304688 45
1709737511367 17.723230361938477 46
1709737511413 17.099090576171875 47
1709737511461 17.135454177856445 48
1709737511509 16.471607208251953 49
1709737511557 16.22612762451172 50
1709737511603 16.342269897460938 51
1709737511649 16.37919807434082 52
1709737511696 15.903098106384277 53
1709737511742 15.72217082977295 54
1709737511789 15.496708869934082 55
1709737511837 15.321734428405762 56
1709737511883 15.079015731811523 57
1709737511929 14.764226913452148 58
1709737511977 15.232397079467773 59
1709737512024 14.564018249511719 60
1709737512070 14.682703018188477 61
1709737512117 14.567652702331543 62
1709737512164 14.295330047607422 63
1709737512210 14.252939224243164 64
1709737512257 14.608670234680176 65
1709737512304 14.194843292236328 66
1709737512351 14.092041015625 67
1709737512399 13.989092826843262 68
1709737512445 14.108569145202637 69
1709737512493 13.872001647949219 70
1709737512539 14.160386085510254 71
1709737512587 13.949119567871094 72
1709737512635 13.712952613830566 73
1709737512682 14.396350860595703 74
1709737512729 14.269675254821777 75
1709737512776 13.474283218383789 76
1709737512821 14.208252906799316 77
1709737512868 13.735529899597168 78
1709737512915 13.982409477233887 79
1709737512961 14.1168212890625 80
1709737513009 13.439172744750977 81
1709737513055 13.409127235412598 82
1709737513101 13.618846893310547 83
1709737513149 13.682080268859863 84
1709737513195 14.240238189697266 85
1709737513243 13.856257438659668 86
1709737513289 13.854094505310059 87
1709737513336 13.430200576782227 88
1709737513382 13.615901947021484 89
1709737513429 13.568231582641602 90
1709737513477 13.560222625732422 91
1709737513524 13.343677520751953 92
1709737513570 13.119501113891602 93
1709737513617 13.548210144042969 94
1709737513664 13.465649604797363 95
1709737513711 13.363293647766113 96
1709737513758 13.516818046569824 97
1709737513804 13.333595275878906 98
1709737513851 13.273933410644531 99
1709737513898 13.85675048828125 100
1709737513945 13.364139556884766 101
1709737513992 13.444336891174316 102
1709737514039 13.301044464111328 103
1709737514086 13.86816120147705 104
1709737514132 13.571106910705566 105
1709737514179 12.719579696655273 106
1709737514227 14.142208099365234 107
1709737514274 13.280728340148926 108
1709737514320 13.446308135986328 109
1709737514367 13.725359916687012 110
1709737514413 13.485721588134766 111
1709737514460 13.367969512939453 112
1709737514509 13.132225036621094 113
1709737514556 13.00992202758789 114
1709737514603 13.339207649230957 115
1709737514650 13.171247482299805 116
1709737514697 13.320337295532227 117
1709737514744 13.199584007263184 118
1709737514791 13.014385223388672 119
