1710187216760 10343.3359375 0
1710187216782 3819.147705078125 1
1710187216801 2943.5771484375 2
1710187216824 2235.728271484375 3
1710187216842 2044.7655029296875 4
1710187216864 1960.9832763671875 5
1710187216882 1963.9410400390625 6
1710187216905 1990.3355712890625 7
1710187216923 1963.00146484375 8
1710187216945 1899.045654296875 9
1710187216963 1896.084228515625 10
1710187216984 2017.9351806640625 11
1710187217002 1945.877197265625 12
1710187217024 1854.8326416015625 13
1710187217043 1864.87890625 14
1710187217065 1819.8321533203125 15
1710187217083 1890.8955078125 16
1710187217105 1914.3004150390625 17
1710187217124 2026.67919921875 18
1710187217145 1759.90869140625 19
1710187217163 1809.932861328125 20
1710187217184 1930.5150146484375 21
1710187217202 1963.47314453125 22
1710187217224 1831.22998046875 23
1710187217242 1905.0596923828125 24
1710187217263 1958.23583984375 25
1710187217284 1924.1597900390625 26
1710187217302 1774.9677734375 27
1710187217324 1715.39794921875 28
1710187217342 1703.7242431640625 29
1710187217363 1664.8599853515625 30
1710187217380 1662.637939453125 31
1710187217400 1650.36669921875 32
1710187217418 1730.212646484375 33
1710187217438 2024.4224853515625 34
1710187217456 2235.7333984375 35
1710187217473 1760.6009521484375 36
1710187217494 1663.61962890625 37
1710187217511 1576.14404296875 38
1710187217532 1590.239501953125 39
1710187217548 1810.581298828125 40
1710187217569 1978.9964599609375 41
1710187217586 1602.718017578125 42
1710187217606 1574.7733154296875 43
1710187217623 1641.31689453125 44
1710187217643 1718.7579345703125 45
1710187217660 1615.0625 46
1710187217680 1520.5933837890625 47
1710187217697 1592.9927978515625 48
1710187217714 1493.6396484375 49
