1710187216760 79.60723876953125 0
1710187216782 50.521968841552734 1
1710187216801 42.713417053222656 2
1710187216824 39.12019348144531 3
1710187216842 36.86391830444336 4
1710187216864 35.82004165649414 5
1710187216882 36.52510070800781 6
1710187216905 35.766597747802734 7
1710187216923 36.4638557434082 8
1710187216945 34.906890869140625 9
1710187216963 34.74722671508789 10
1710187216984 36.76840591430664 11
1710187217002 35.88932800292969 12
1710187217024 34.387451171875 13
1710187217043 34.702117919921875 14
1710187217065 33.872474670410156 15
1710187217083 35.21175003051758 16
1710187217105 35.231021881103516 17
1710187217124 35.887264251708984 18
1710187217145 33.26701354980469 19
1710187217163 34.21744155883789 20
1710187217184 34.92424392700195 21
1710187217202 35.29854202270508 22
1710187217224 34.60565948486328 23
1710187217242 35.12189865112305 24
1710187217263 35.453224182128906 25
1710187217284 35.79811096191406 26
1710187217302 33.94792556762695 27
1710187217324 33.347232818603516 28
1710187217342 33.41478729248047 29
1710187217363 32.8856086730957 30
1710187217380 32.64314270019531 31
1710187217400 32.703311920166016 32
1710187217418 33.22231674194336 33
1710187217438 35.22825241088867 34
1710187217456 38.53306198120117 35
1710187217473 34.35301208496094 36
1710187217494 32.35930252075195 37
1710187217511 31.782241821289062 38
1710187217532 32.414642333984375 39
1710187217548 34.715187072753906 40
1710187217569 36.15323257446289 41
1710187217586 32.01344299316406 42
1710187217606 32.005741119384766 43
1710187217623 31.2989559173584 44
1710187217643 32.72015380859375 45
1710187217660 32.05229187011719 46
1710187217680 31.197433471679688 47
1710187217697 32.141109466552734 48
1710187217714 32.02730941772461 49
