1709722846425 12256.7861328125 0
1709722846473 6807.0693359375 1
1709722846521 2041.6058349609375 2
1709722846571 1276.70654296875 3
1709722846619 1222.3397216796875 4
1709722846667 1196.344970703125 5
1709722846714 1158.7554931640625 6
1709722846760 1119.2088623046875 7
1709722846806 1086.62255859375 8
1709722846853 1058.7950439453125 9
1709722846900 1020.0950927734375 10
1709722846947 1001.4291381835938 11
1709722846994 968.664306640625 12
1709722847040 948.53271484375 13
1709722847087 920.3638916015625 14
1709722847135 900.146484375 15
1709722847181 879.27734375 16
1709722847227 865.6676025390625 17
1709722847273 832.0889892578125 18
1709722847320 806.162841796875 19
1709722847367 782.9213256835938 20
1709722847413 765.40380859375 21
1709722847459 746.0536499023438 22
1709722847505 724.9364624023438 23
1709722847553 692.2564086914062 24
1709722847600 683.3145141601562 25
1709722847647 659.2620849609375 26
1709722847694 634.24560546875 27
1709722847740 613.9373168945312 28
1709722847786 590.9432983398438 29
1709722847833 564.652099609375 30
1709722847879 555.380615234375 31
1709722847926 512.50537109375 32
1709722847972 531.0467529296875 33
1709722848018 486.7600402832031 34
1709722848064 486.2304382324219 35
1709722848112 465.1947021484375 36
1709722848159 446.3547668457031 37
1709722848206 427.1607360839844 38
1709722848253 426.4117126464844 39
1709722848299 410.6570739746094 40
1709722848345 394.7459411621094 41
1709722848391 388.1865234375 42
1709722848437 370.5633239746094 43
1709722848483 378.84881591796875 44
1709722848530 358.8470458984375 45
1709722848576 362.5063171386719 46
1709722848624 369.1754150390625 47
1709722848671 352.607666015625 48
1709722848717 345.7222595214844 49
1709722848764 336.967529296875 50
1709722848811 336.0542297363281 51
1709722848857 347.29925537109375 52
1709722848903 327.5855407714844 53
1709722848950 328.7000732421875 54
1709722848996 331.9631652832031 55
1709722849042 325.44805908203125 56
1709722849089 326.23638916015625 57
1709722849137 326.9953308105469 58
1709722849183 328.32354736328125 59
1709722849230 324.0243225097656 60
1709722849276 337.04156494140625 61
1709722849324 315.6396484375 62
1709722849371 321.8250732421875 63
1709722849419 313.8641662597656 64
1709722849466 316.5097351074219 65
1709722849512 305.5043640136719 66
1709722849559 325.9213562011719 67
1709722849606 322.7196350097656 68
1709722849655 338.07171630859375 69
1709722849703 322.532470703125 70
1709722849752 314.538818359375 71
1709722849805 317.1578369140625 72
1709722849852 313.2728576660156 73
1709722849898 310.77459716796875 74
1709722849945 318.9093017578125 75
1709722849993 319.8778076171875 76
1709722850040 308.9571228027344 77
1709722850087 315.8060302734375 78
1709722850136 317.4986572265625 79
1709722850184 314.0146789550781 80
1709722850230 305.5862121582031 81
1709722850277 309.5415344238281 82
1709722850323 320.8460998535156 83
1709722850370 299.93560791015625 84
1709722850416 310.1680908203125 85
1709722850463 307.0291748046875 86
1709722850511 301.7584228515625 87
1709722850557 305.13873291015625 88
1709722850603 310.2200622558594 89
1709722850650 306.7497253417969 90
1709722850696 295.4759521484375 91
1709722850743 301.8917236328125 92
1709722850790 308.6559753417969 93
1709722850836 308.4950256347656 94
1709722850883 308.8203430175781 95
1709722850930 315.81353759765625 96
1709722850977 318.6811828613281 97
1709722851024 303.4090576171875 98
1709722851070 307.29296875 99
1709722851117 298.83294677734375 100
1709722851164 291.9704284667969 101
1709722851211 310.1045227050781 102
1709722851258 297.8420715332031 103
1709722851304 296.4230041503906 104
1709722851350 307.2104797363281 105
1709722851398 288.48406982421875 106
1709722851445 303.67645263671875 107
1709722851492 285.5051574707031 108
1709722851538 294.95867919921875 109
1709722851585 298.756103515625 110
1709722851632 299.11932373046875 111
1709722851680 299.71868896484375 112
1709722851726 294.0997619628906 113
1709722851772 310.6280822753906 114
1709722851819 287.2855224609375 115
1709722851865 305.3363037109375 116
1709722851913 299.3813781738281 117
1709722851961 290.5927734375 118
1709722852010 305.19500732421875 119
