1709722846425 103.22477722167969 0
1709722846473 73.70964050292969 1
1709722846521 36.68195724487305 2
1709722846571 29.165382385253906 3
1709722846619 28.301513671875 4
1709722846667 29.015697479248047 5
1709722846714 27.7330322265625 6
1709722846760 27.44001007080078 7
1709722846806 27.061086654663086 8
1709722846853 26.835369110107422 9
1709722846900 26.262561798095703 10
1709722846947 26.2778263092041 11
1709722846994 25.75891876220703 12
1709722847040 25.60354995727539 13
1709722847087 25.330686569213867 14
1709722847135 24.932329177856445 15
1709722847181 24.488344192504883 16
1709722847227 24.332429885864258 17
1709722847273 23.78763198852539 18
1709722847320 23.56517791748047 19
1709722847367 23.036325454711914 20
1709722847413 22.885881423950195 21
1709722847459 22.471302032470703 22
1709722847505 22.093772888183594 23
1709722847553 21.475221633911133 24
1709722847600 21.37154769897461 25
1709722847647 20.824697494506836 26
1709722847694 20.475500106811523 27
1709722847740 20.451786041259766 28
1709722847786 19.825035095214844 29
1709722847833 19.271970748901367 30
1709722847879 19.03766441345215 31
1709722847926 18.34311294555664 32
1709722847972 18.729759216308594 33
1709722848018 17.66169548034668 34
1709722848064 17.578432083129883 35
1709722848112 17.21871566772461 36
1709722848159 16.91263198852539 37
1709722848206 16.476516723632812 38
1709722848253 16.663469314575195 39
1709722848299 16.052894592285156 40
1709722848345 15.608144760131836 41
1709722848391 15.662178039550781 42
1709722848437 15.141068458557129 43
1709722848483 15.050636291503906 44
1709722848530 14.825218200683594 45
1709722848576 14.840230941772461 46
1709722848624 15.203315734863281 47
1709722848671 14.713614463806152 48
1709722848717 14.300695419311523 49
1709722848764 14.313373565673828 50
1709722848811 14.595941543579102 51
1709722848857 14.705244064331055 52
1709722848903 13.947188377380371 53
1709722848950 14.035073280334473 54
1709722848996 13.821627616882324 55
1709722849042 13.938531875610352 56
1709722849089 13.998470306396484 57
1709722849137 14.083698272705078 58
1709722849183 14.234685897827148 59
1709722849230 13.991507530212402 60
1709722849276 14.395694732666016 61
1709722849324 13.820174217224121 62
1709722849371 13.839266777038574 63
1709722849419 13.759151458740234 64
1709722849466 13.712674140930176 65
1709722849512 13.901144027709961 66
1709722849559 13.980299949645996 67
1709722849606 14.080185890197754 68
1709722849655 14.500408172607422 69
1709722849703 13.804045677185059 70
1709722849752 13.443652153015137 71
1709722849805 13.398857116699219 72
1709722849852 13.868983268737793 73
1709722849898 13.864995002746582 74
1709722849945 13.837376594543457 75
1709722849993 13.846711158752441 76
1709722850040 13.345370292663574 77
1709722850087 13.911969184875488 78
1709722850136 13.868919372558594 79
1709722850184 13.731528282165527 80
1709722850230 13.681073188781738 81
1709722850277 13.557613372802734 82
1709722850323 13.477828025817871 83
1709722850370 13.40911865234375 84
1709722850416 13.828333854675293 85
1709722850463 13.590831756591797 86
1709722850511 13.269051551818848 87
1709722850557 13.487483024597168 88
1709722850603 13.547778129577637 89
1709722850650 13.426092147827148 90
1709722850696 13.193724632263184 91
1709722850743 13.594356536865234 92
1709722850790 13.505000114440918 93
1709722850836 13.675183296203613 94
1709722850883 13.551647186279297 95
1709722850930 13.621927261352539 96
1709722850977 14.22304916381836 97
1709722851024 13.392635345458984 98
1709722851070 13.460693359375 99
1709722851117 13.306463241577148 100
1709722851164 12.89848518371582 101
1709722851211 13.349513053894043 102
1709722851258 13.161206245422363 103
1709722851304 13.433714866638184 104
1709722851350 13.721100807189941 105
1709722851398 12.8989896774292 106
1709722851445 13.611745834350586 107
1709722851492 12.969700813293457 108
1709722851538 13.210716247558594 109
1709722851585 13.306897163391113 110
1709722851632 13.378935813903809 111
1709722851680 13.270530700683594 112
1709722851726 13.090598106384277 113
1709722851772 13.406136512756348 114
1709722851819 13.055442810058594 115
1709722851865 13.416299819946289 116
1709722851913 13.340873718261719 117
1709722851961 13.182368278503418 118
1709722852010 13.271244049072266 119
