1710187246251 62.68675231933594 0
1710187246310 42.78670883178711 1
1710187246367 42.047203063964844 2
1710187246423 37.942501068115234 3
1710187246480 40.960166931152344 4
1710187246536 40.3846435546875 5
1710187246592 41.087493896484375 6
1710187246647 36.86861038208008 7
1710187246702 36.38540267944336 8
1710187246761 36.367008209228516 9
1710187246818 35.01393127441406 10
1710187246873 41.14828109741211 11
1710187246928 38.32154083251953 12
1710187246984 38.377777099609375 13
1710187247041 35.84973907470703 14
1710187247095 35.2739372253418 15
1710187247150 38.078487396240234 16
1710187247205 35.45893096923828 17
1710187247261 34.29802703857422 18
1710187247316 34.37214279174805 19
1710187247372 35.447444915771484 20
1710187247429 32.5770378112793 21
1710187247487 34.73344802856445 22
1710187247545 30.802452087402344 23
1710187247603 37.6038932800293 24
1710187247661 34.24174499511719 25
1710187247719 33.700103759765625 26
1710187247777 33.304359436035156 27
1710187247833 31.865026473999023 28
1710187247890 30.359935760498047 29
1710187247948 33.89482498168945 30
1710187248008 29.149282455444336 31
1710187248064 35.094425201416016 32
1710187248119 29.898000717163086 33
1710187248174 27.77532196044922 34
1710187248230 30.601736068725586 35
1710187248287 32.9821891784668 36
1710187248342 28.289731979370117 37
1710187248398 28.434022903442383 38
1710187248455 27.829744338989258 39
1710187248515 23.737773895263672 40
1710187248573 25.78879165649414 41
1710187248631 27.8906192779541 42
1710187248688 24.052053451538086 43
1710187248747 25.578872680664062 44
1710187248801 22.98562240600586 45
1710187248856 25.6448917388916 46
1710187248909 26.890504837036133 47
1710187248963 24.085039138793945 48
1710187249018 24.211179733276367 49
1710187249074 21.892810821533203 50
1710187249129 23.014375686645508 51
1710187249185 26.138463973999023 52
1710187249240 24.858421325683594 53
1710187249295 24.022520065307617 54
1710187249351 22.025527954101562 55
1710187249406 19.846080780029297 56
1710187249461 21.129201889038086 57
1710187249519 21.50253677368164 58
1710187249574 22.466896057128906 59
1710187249630 19.372783660888672 60
1710187249685 26.126527786254883 61
1710187249741 21.427993774414062 62
1710187249797 21.04206085205078 63
1710187249852 20.0264835357666 64
1710187249908 17.768293380737305 65
1710187249963 18.789587020874023 66
1710187250018 16.568599700927734 67
1710187250074 19.196992874145508 68
1710187250129 18.644224166870117 69
1710187250187 17.77365493774414 70
1710187250246 18.224899291992188 71
1710187250302 17.59235954284668 72
1710187250358 17.993206024169922 73
1710187250413 18.98210334777832 74
