1710187246251 8558.22265625 0
1710187246310 2756.649658203125 1
1710187246367 2761.398193359375 2
1710187246423 2154.3359375 3
1710187246480 2704.73876953125 4
1710187246536 2461.893310546875 5
1710187246592 2721.8857421875 6
1710187246647 2162.870849609375 7
1710187246702 2127.42724609375 8
1710187246761 2066.5048828125 9
1710187246818 1916.4468994140625 10
1710187246873 2503.82275390625 11
1710187246928 2275.769287109375 12
1710187246984 2313.078125 13
1710187247041 1964.8538818359375 14
1710187247095 1965.0556640625 15
1710187247150 2193.166015625 16
1710187247205 1998.756103515625 17
1710187247261 1900.4429931640625 18
1710187247316 1837.1566162109375 19
1710187247372 2056.43359375 20
1710187247429 1627.4140625 21
1710187247487 1813.9150390625 22
1710187247545 1523.16162109375 23
1710187247603 2115.20703125 24
1710187247661 1644.3280029296875 25
1710187247719 1713.03662109375 26
1710187247777 1742.8248291015625 27
1710187247833 1507.6292724609375 28
1710187247890 1418.7850341796875 29
1710187247948 1714.9803466796875 30
1710187248008 1244.6856689453125 31
1710187248064 1918.6480712890625 32
1710187248119 1461.5904541015625 33
1710187248174 1232.8343505859375 34
1710187248230 1342.41357421875 35
1710187248287 1548.1954345703125 36
1710187248342 1195.181884765625 37
1710187248398 1230.2811279296875 38
1710187248455 1164.53857421875 39
1710187248515 928.036376953125 40
1710187248573 975.0363159179688 41
1710187248631 1222.017333984375 42
1710187248688 896.16064453125 43
1710187248747 1081.5015869140625 44
1710187248801 824.8242797851562 45
1710187248856 1007.2498168945312 46
1710187248909 1142.14599609375 47
1710187248963 896.4952392578125 48
1710187249018 840.480712890625 49
1710187249074 745.9224853515625 50
1710187249129 761.281005859375 51
1710187249185 1114.9686279296875 52
1710187249240 982.46484375 53
1710187249295 916.3277587890625 54
1710187249351 825.981201171875 55
1710187249406 563.4767456054688 56
1710187249461 640.1939086914062 57
1710187249519 697.111572265625 58
1710187249574 786.89697265625 59
1710187249630 621.5438232421875 60
1710187249685 1010.8577270507812 61
1710187249741 768.6188354492188 62
1710187249797 650.152099609375 63
1710187249852 646.312255859375 64
1710187249908 498.4617919921875 65
1710187249963 553.3904418945312 66
1710187250018 392.4681701660156 67
1710187250074 580.9403076171875 68
1710187250129 548.9117431640625 69
1710187250187 452.8916931152344 70
1710187250246 529.947998046875 71
1710187250302 480.3846435546875 72
1710187250358 556.5596313476562 73
1710187250413 562.4459228515625 74
