1711745418957 114.45124816894531 0
1711745418977 114.25750732421875 1
1711745418991 114.0719985961914 2
1711745419007 113.8880844116211 3
1711745419028 113.69790649414062 4
1711745419044 113.49885559082031 5
1711745419060 113.2818374633789 6
1711745419080 113.03407287597656 7
1711745419096 112.75231170654297 8
1711745419116 112.4347152709961 9
1711745419131 112.07316589355469 10
1711745419146 111.65768432617188 11
1711745419165 111.17880249023438 12
1711745419179 110.6406478881836 13
1711745419194 110.03187561035156 14
1711745419215 109.34647369384766 15
1711745419230 108.5748062133789 16
1711745419244 107.71357727050781 17
1711745419258 106.74957275390625 18
1711745419281 105.68283081054688 19
1711745419295 104.49089813232422 20
1711745419309 103.18948364257812 21
1711745419324 101.72541046142578 22
1711745419339 100.11090850830078 23
1711745419353 98.35383605957031 24
1711745419373 96.42847442626953 25
1711745419389 94.32463073730469 26
1711745419403 91.99334716796875 27
1711745419422 89.51168060302734 28
1711745419436 86.80645751953125 29
1711745419449 83.97865295410156 30
1711745419467 80.90856170654297 31
1711745419481 77.65493774414062 32
1711745419496 74.18380737304688 33
1711745419515 70.4719009399414 34
1711745419528 66.6615982055664 35
1711745419542 62.6744384765625 36
1711745419561 58.518978118896484 37
1711745419576 54.20338439941406 38
1711745419589 49.844120025634766 39
1711745419608 45.548851013183594 40
1711745419621 41.322444915771484 41
1711745419635 37.5479850769043 42
1711745419653 33.864540100097656 43
1711745419667 30.291818618774414 44
1711745419681 27.156381607055664 45
1711745419699 24.0969181060791 46
1711745419714 21.81875228881836 47
1711745419728 19.881868362426758 48
1711745419746 18.26959991455078 49
1711745419760 17.013042449951172 50
1711745419775 16.239540100097656 51
1711745419793 15.681347846984863 52
1711745419806 15.353412628173828 53
1711745419820 14.998045921325684 54
1711745419837 14.709207534790039 55
1711745419852 14.455822944641113 56
1711745419870 14.195511817932129 57
1711745419885 13.957450866699219 58
1711745419900 13.732215881347656 59
1711745419919 13.530818939208984 60
1711745419933 13.316632270812988 61
1711745419946 13.111573219299316 62
1711745419967 12.939114570617676 63
1711745419980 12.766667366027832 64
1711745419994 12.628556251525879 65
1711745420008 12.474116325378418 66
1711745420028 12.346099853515625 67
1711745420041 12.2066011428833 68
1711745420055 12.081267356872559 69
1711745420073 11.951506614685059 70
1711745420087 11.836494445800781 71
1711745420100 11.735852241516113 72
1711745420118 11.640161514282227 73
1711745423962 12.939114570617676 74
