1711745418957 14758.7822265625 0
1711745418977 14714.0478515625 1
1711745418991 14670.75 2
1711745419007 14629.9560546875 3
1711745419028 14586.8095703125 4
1711745419044 14542.369140625 5
1711745419060 14493.5625 6
1711745419080 14438.5908203125 7
1711745419096 14375.54296875 8
1711745419116 14303.7275390625 9
1711745419131 14223.5283203125 10
1711745419146 14130.8251953125 11
1711745419165 14022.01953125 12
1711745419179 13901.337890625 13
1711745419194 13766.90625 14
1711745419215 13610.4248046875 15
1711745419230 13436.3876953125 16
1711745419244 13244.9140625 17
1711745419258 13028.0400390625 18
1711745419281 12795.40234375 19
1711745419295 12533.67578125 20
1711745419309 12250.6162109375 21
1711745419324 11933.8486328125 22
1711745419339 11587.087890625 23
1711745419353 11222.943359375 24
1711745419373 10822.1435546875 25
1711745419389 10401.6689453125 26
1711745419403 9928.85546875 27
1711745419422 9449.0478515625 28
1711745419436 8928.75390625 29
1711745419449 8403.9931640625 30
1711745419467 7844.80078125 31
1711745419481 7270.646484375 32
1711745419496 6685.89794921875 33
1711745419515 6076.81298828125 34
1711745419528 5483.73046875 35
1711745419542 4897.810546875 36
1711745419561 4329.03857421875 37
1711745419576 3783.71337890625 38
1711745419589 3254.252197265625 39
1711745419608 2777.2138671875 40
1711745419621 2319.475341796875 41
1711745419635 1937.7677001953125 42
1711745419653 1595.4267578125 43
1711745419667 1286.080322265625 44
1711745419681 1045.6234130859375 45
1711745419699 843.4545288085938 46
1711745419714 699.9742431640625 47
1711745419728 584.4902954101562 48
1711745419746 498.6125793457031 49
1711745419760 436.2354736328125 50
1711745419775 396.9659423828125 51
1711745419793 369.14825439453125 52
1711745419806 353.190673828125 53
1711745419820 338.5562438964844 54
1711745419837 327.3789978027344 55
1711745419852 318.8778076171875 56
1711745419870 311.5069274902344 57
1711745419885 304.3072814941406 58
1711745419900 298.15301513671875 59
1711745419919 291.8010559082031 60
1711745419933 285.46759033203125 61
1711745419946 279.2516784667969 62
1711745419967 274.3240661621094 63
1711745419980 269.32818603515625 64
1711745419994 265.2283020019531 65
1711745420008 260.9169006347656 66
1711745420028 257.3382873535156 67
1711745420041 253.6160888671875 68
1711745420055 250.2793731689453 69
1711745420073 246.70465087890625 70
1711745420087 243.4089813232422 71
1711745420100 240.3768310546875 72
1711745420118 237.82666015625 73
1711745423962 274.3240661621094 74
