1709738649874 90.8538589477539 0
1709738649932 40.86156463623047 1
1709738649984 30.990520477294922 2
1709738650037 29.97039031982422 3
1709738650088 28.932092666625977 4
1709738650138 29.14728546142578 5
1709738650188 27.752286911010742 6
1709738650237 27.649682998657227 7
1709738650288 27.191909790039062 8
1709738650337 26.749488830566406 9
1709738650387 26.185548782348633 10
1709738650437 25.917375564575195 11
1709738650488 25.36663818359375 12
1709738650538 24.99380111694336 13
1709738650589 24.639902114868164 14
1709738650640 24.204233169555664 15
1709738650691 23.712547302246094 16
1709738650740 23.292818069458008 17
1709738650790 22.813844680786133 18
1709738650840 22.301074981689453 19
1709738650890 21.660898208618164 20
1709738650941 21.264873504638672 21
1709738650990 20.780946731567383 22
1709738651040 20.84023666381836 23
1709738651090 20.156644821166992 24
1709738651140 19.58278465270996 25
1709738651191 19.313085556030273 26
1709738651241 18.851457595825195 27
1709738651292 18.29315948486328 28
1709738651341 17.872037887573242 29
1709738651391 17.6397762298584 30
1709738651440 17.733179092407227 31
1709738651490 17.32640838623047 32
1709738651539 16.657136917114258 33
1709738651588 16.759607315063477 34
1709738651638 16.062284469604492 35
1709738651688 16.039268493652344 36
1709738651738 16.23143196105957 37
1709738651789 15.931476593017578 38
1709738651838 15.685074806213379 39
1709738651888 15.697094917297363 40
1709738651938 15.469260215759277 41
1709738651988 15.600007057189941 42
1709738652039 15.383245468139648 43
1709738652089 15.547321319580078 44
1709738652139 14.860546112060547 45
1709738652189 15.000539779663086 46
1709738652238 15.082733154296875 47
1709738652289 14.730607986450195 48
1709738652338 14.729940414428711 49
1709738652388 14.545083999633789 50
1709738652438 14.914393424987793 51
1709738652487 15.12982177734375 52
1709738652536 15.044404029846191 53
1709738652587 14.40620231628418 54
1709738652636 14.858059883117676 55
1709738652686 14.640963554382324 56
1709738652735 14.7196683883667 57
1709738652786 14.236640930175781 58
1709738652836 14.147418022155762 59
1709738652885 14.25876235961914 60
1709738652934 13.914630889892578 61
1709738652984 13.758221626281738 62
1709738653033 14.096543312072754 63
1709738653083 14.086321830749512 64
1709738653133 14.031501770019531 65
1709738653182 14.144659042358398 66
1709738653232 13.98031997680664 67
1709738653282 13.9939546585083 68
1709738653333 14.121987342834473 69
1709738653383 13.855208396911621 70
1709738653434 14.238663673400879 71
1709738653484 13.812995910644531 72
1709738653534 13.625511169433594 73
1709738653584 14.080599784851074 74
1709738653634 14.0293550491333 75
1709738653684 13.5885648727417 76
1709738653735 13.515202522277832 77
1709738653784 14.448227882385254 78
1709738653834 13.937456130981445 79
1709738653891 14.259002685546875 80
1709738653941 13.568120002746582 81
1709738653991 13.951336860656738 82
1709738654041 13.945359230041504 83
1709738654091 13.64462661743164 84
1709738654141 13.568692207336426 85
1709738654191 13.793718338012695 86
1709738654240 13.621243476867676 87
1709738654290 13.962759017944336 88
1709738654341 13.202118873596191 89
1709738654391 13.780194282531738 90
1709738654441 13.306889533996582 91
1709738654490 13.715810775756836 92
1709738654539 13.243457794189453 93
1709738654589 13.931836128234863 94
1709738654639 13.354069709777832 95
1709738654689 13.603529930114746 96
1709738654739 13.689029693603516 97
1709738654789 13.518782615661621 98
1709738654839 13.630764961242676 99
1709738654889 13.456485748291016 100
1709738654939 14.203571319580078 101
1709738654990 13.559255599975586 102
1709738655040 13.287548065185547 103
1709738655090 13.349874496459961 104
1709738655139 13.610786437988281 105
1709738655189 13.4934720993042 106
1709738655239 13.47779655456543 107
1709738655290 13.437324523925781 108
1709738655341 13.548580169677734 109
1709738655390 13.428180694580078 110
1709738655439 13.76036262512207 111
1709738655489 13.52310562133789 112
1709738655539 13.4639892578125 113
1709738655590 13.460901260375977 114
1709738655640 13.587737083435059 115
1709738655692 13.554765701293945 116
1709738655742 13.249655723571777 117
1709738655792 13.656717300415039 118
1709738655843 14.245705604553223 119
