1709738649874 10041.0185546875 0
1709738649932 2389.1630859375 1
1709738649984 1455.45458984375 2
1709738650037 1350.872314453125 3
1709738650088 1266.9627685546875 4
1709738650138 1282.4754638671875 5
1709738650188 1146.4482421875 6
1709738650237 1139.1724853515625 7
1709738650288 1092.958251953125 8
1709738650337 1053.0726318359375 9
1709738650387 1007.1279907226562 10
1709738650437 978.8088989257812 11
1709738650488 949.0401611328125 12
1709738650538 889.39990234375 13
1709738650589 899.0734252929688 14
1709738650640 858.0401000976562 15
1709738650691 830.3245239257812 16
1709738650740 798.3692016601562 17
1709738650790 776.0703125 18
1709738650840 731.2217407226562 19
1709738650890 711.483642578125 20
1709738650941 689.0426635742188 21
1709738650990 682.044677734375 22
1709738651040 665.3997802734375 23
1709738651090 631.656982421875 24
1709738651140 596.3448486328125 25
1709738651191 581.0089721679688 26
1709738651241 558.8364868164062 27
1709738651292 534.3203735351562 28
1709738651341 509.1356506347656 29
1709738651391 501.0923767089844 30
1709738651440 496.3049621582031 31
1709738651490 473.0948486328125 32
1709738651539 435.570556640625 33
1709738651588 444.6169128417969 34
1709738651638 416.178955078125 35
1709738651688 413.3464050292969 36
1709738651738 427.1255187988281 37
1709738651789 404.40289306640625 38
1709738651838 399.638671875 39
1709738651888 388.7774658203125 40
1709738651938 380.7636413574219 41
1709738651988 387.7196350097656 42
1709738652039 378.1655578613281 43
1709738652089 385.48602294921875 44
1709738652139 361.7235412597656 45
1709738652189 369.99591064453125 46
1709738652238 365.9244384765625 47
1709738652289 367.288330078125 48
1709738652338 349.7326965332031 49
1709738652388 351.4314880371094 50
1709738652438 343.9540710449219 51
1709738652487 361.77801513671875 52
1709738652536 359.5233459472656 53
1709738652587 336.6080017089844 54
1709738652636 339.7503967285156 55
1709738652686 330.893798828125 56
1709738652735 338.01678466796875 57
1709738652786 334.3661193847656 58
1709738652836 322.0553894042969 59
1709738652885 333.3039855957031 60
1709738652934 320.7650146484375 61
1709738652984 324.7441101074219 62
1709738653033 328.9893798828125 63
1709738653083 325.5316162109375 64
1709738653133 333.56219482421875 65
1709738653182 335.80059814453125 66
1709738653232 319.0615539550781 67
1709738653282 340.6094665527344 68
1709738653333 325.1114196777344 69
1709738653383 315.400390625 70
1709738653434 334.7640380859375 71
1709738653484 319.1581115722656 72
1709738653534 317.24920654296875 73
1709738653584 318.0088195800781 74
1709738653634 334.7314147949219 75
1709738653684 308.1696472167969 76
1709738653735 304.4092102050781 77
1709738653784 357.7887878417969 78
1709738653834 319.2691650390625 79
1709738653891 325.1145324707031 80
1709738653941 310.8666076660156 81
1709738653991 320.01055908203125 82
1709738654041 318.9295349121094 83
1709738654091 311.84088134765625 84
1709738654141 306.5074462890625 85
1709738654191 313.88104248046875 86
1709738654240 308.51690673828125 87
1709738654290 315.06024169921875 88
1709738654341 299.90936279296875 89
1709738654391 306.7821350097656 90
1709738654441 305.412109375 91
1709738654490 311.8647155761719 92
1709738654539 291.4977111816406 93
1709738654589 334.3349609375 94
1709738654639 311.1085510253906 95
1709738654689 304.7654113769531 96
1709738654739 311.1885070800781 97
1709738654789 298.8532409667969 98
1709738654839 303.57208251953125 99
1709738654889 294.9644775390625 100
1709738654939 330.3957824707031 101
1709738654990 302.0663757324219 102
1709738655040 296.8756103515625 103
1709738655090 304.5966491699219 104
1709738655139 311.92010498046875 105
1709738655189 302.1231384277344 106
1709738655239 304.9632873535156 107
1709738655290 310.48101806640625 108
1709738655341 304.3912048339844 109
1709738655390 306.882568359375 110
1709738655439 307.18182373046875 111
1709738655489 315.4691467285156 112
1709738655539 298.6192626953125 113
1709738655590 302.07244873046875 114
1709738655640 310.5303649902344 115
1709738655692 310.2955322265625 116
1709738655742 299.0500183105469 117
1709738655792 319.5991516113281 118
1709738655843 324.52166748046875 119
