1710188362633 114.07727813720703 0
1710188362672 113.26078033447266 1
1710188362710 111.5652847290039 2
1710188362746 108.02782440185547 3
1710188362779 102.32261657714844 4
1710188362817 92.63024139404297 5
1710188362853 77.81128692626953 6
1710188362889 59.889244079589844 7
1710188362925 40.00074768066406 8
1710188362960 28.448278427124023 9
1710188362996 22.338441848754883 10
1710188363031 20.279376983642578 11
1710188363066 17.27414894104004 12
1710188363101 17.148954391479492 13
1710188363138 18.047042846679688 14
1710188363172 15.552734375 15
1710188363207 16.470170974731445 16
1710188363242 14.346261978149414 17
1710188363278 14.800588607788086 18
1710188363313 16.884462356567383 19
1710188363348 16.58476448059082 20
1710188363383 15.832252502441406 21
1710188363418 14.461967468261719 22
1710188363453 15.964653015136719 23
1710188363489 15.51440715789795 24
1710188363523 15.096414566040039 25
1710188363557 14.998954772949219 26
1710188363592 14.343313217163086 27
1710188363627 14.721574783325195 28
1710188363662 14.618269920349121 29
1710188363697 14.69482707977295 30
1710188363732 15.559599876403809 31
1710188363768 15.28984260559082 32
1710188363803 15.40749740600586 33
1710188366452 15.964653015136719 34
