1710188362633 14669.951171875 0
1710188362672 14464.681640625 1
1710188362710 14048.1279296875 2
1710188362746 13229.0048828125 3
1710188362779 11942.5888671875 4
1710188362817 9938.9091796875 5
1710188362853 7249.232421875 6
1710188362889 4640.626953125 7
1710188362925 2301.443359375 8
1710188362960 1188.4696044921875 9
1710188362996 757.560791015625 10
1710188363031 643.4283447265625 11
1710188363066 472.6379699707031 12
1710188363101 470.1148681640625 13
1710188363138 554.4695434570312 14
1710188363172 438.6859130859375 15
1710188363207 437.5289306640625 16
1710188363242 357.2710266113281 17
1710188363278 355.3523864746094 18
1710188363313 428.5585632324219 19
1710188363348 499.18988037109375 20
1710188363383 415.9744567871094 21
1710188363418 394.7642822265625 22
1710188363453 384.5273132324219 23
1710188363489 366.8105163574219 24
1710188363523 362.67034912109375 25
1710188363557 356.23504638671875 26
1710188363592 388.17987060546875 27
1710188363627 342.0362548828125 28
1710188363662 360.4834289550781 29
1710188363697 365.48883056640625 30
1710188363732 387.8106384277344 31
1710188363768 372.1480712890625 32
1710188363803 369.114990234375 33
1710188366452 384.5273132324219 34
