1709731021226 9183.9365234375 0
1709731021275 2393.155029296875 1
1709731021322 1489.401611328125 2
1709731021369 1380.729736328125 3
1709731021416 1312.258544921875 4
1709731021473 1263.0916748046875 5
1709731021522 1180.7520751953125 6
1709731021572 1129.627197265625 7
1709731021628 1081.0479736328125 8
1709731021688 1037.26416015625 9
1709731021748 1011.3806762695312 10
1709731021812 989.275390625 11
1709731021859 924.2109985351562 12
1709731021908 877.038818359375 13
1709731021957 870.3644409179688 14
1709731022007 834.6304931640625 15
1709731022057 794.6868896484375 16
1709731022103 770.3658447265625 17
1709731022150 725.995849609375 18
1709731022197 693.3123168945312 19
1709731022243 677.2365112304688 20
1709731022291 636.518310546875 21
1709731022337 610.8365478515625 22
1709731022384 577.879638671875 23
1709731022431 550.6884155273438 24
1709731022479 523.3291015625 25
1709731022525 479.92791748046875 26
1709731022572 441.392578125 27
1709731022619 426.5968017578125 28
1709731022665 422.4876708984375 29
1709731022712 393.53973388671875 30
1709731022760 391.9949951171875 31
1709731022807 370.3780212402344 32
1709731022853 340.6029052734375 33
1709731022900 351.1260681152344 34
1709731022946 338.1954040527344 35
1709731022992 335.7066345214844 36
1709731023038 326.99053955078125 37
1709731023084 317.17657470703125 38
1709731023130 337.62750244140625 39
1709731023176 326.95257568359375 40
1709731023223 323.17584228515625 41
1709731023268 322.6593017578125 42
1709731023319 320.36700439453125 43
1709731023369 336.9747314453125 44
1709731023421 318.1564025878906 45
1709731023478 313.1618347167969 46
1709731023526 316.3072509765625 47
1709731023573 307.6939392089844 48
1709731023619 318.3471984863281 49
1709731023665 297.281982421875 50
1709731023711 301.12579345703125 51
1709731023757 317.8599853515625 52
1709731023804 317.3124694824219 53
1709731023850 333.8462829589844 54
1709731023897 300.843017578125 55
1709731023943 326.5694274902344 56
1709731023990 309.0074157714844 57
1709731024037 314.6797180175781 58
1709731024086 317.887451171875 59
1709731024134 302.82196044921875 60
1709731024181 314.12286376953125 61
1709731024227 310.114990234375 62
1709731024273 309.26776123046875 63
1709731024330 318.9910888671875 64
1709731024376 310.2821960449219 65
1709731024423 276.12054443359375 66
1709731024469 284.78887939453125 67
1709731024516 299.54925537109375 68
1709731024564 320.5487365722656 69
1709731024610 288.77984619140625 70
1709731024658 317.5729064941406 71
1709731024705 302.7250061035156 72
1709731024752 310.2654113769531 73
1709731024799 302.6809387207031 74
1709731024846 304.59210205078125 75
1709731024895 303.41925048828125 76
1709731024942 308.2550048828125 77
1709731024990 303.799560546875 78
1709731025037 316.2789001464844 79
1709731025084 304.2724304199219 80
1709731025131 297.00018310546875 81
1709731025177 298.9911804199219 82
1709731025223 299.51312255859375 83
1709731025269 303.1197204589844 84
1709731025317 303.3819580078125 85
1709731025363 304.2713317871094 86
1709731025410 295.390380859375 87
1709731025456 315.7132568359375 88
1709731025502 307.6920166015625 89
1709731025548 315.1776123046875 90
1709731025594 319.87567138671875 91
1709731025640 294.943359375 92
1709731025689 308.89154052734375 93
1709731025742 296.3283996582031 94
1709731025792 291.5328063964844 95
1709731025841 298.9941101074219 96
1709731025892 302.41510009765625 97
1709731025941 289.5591735839844 98
1709731025988 306.4814758300781 99
1709731026038 316.37554931640625 100
1709731026084 303.5811462402344 101
1709731026130 297.8302001953125 102
1709731026176 298.8205871582031 103
1709731026226 290.2445373535156 104
1709731026276 292.0389404296875 105
1709731026328 291.2572021484375 106
1709731026376 291.6988525390625 107
1709731026423 288.4607849121094 108
1709731026469 306.965576171875 109
1709731026515 297.9971008300781 110
1709731026562 302.2437744140625 111
1709731026609 292.11798095703125 112
1709731026656 287.4400329589844 113
1709731026702 298.6401062011719 114
1709731026749 284.1670837402344 115
1709731026795 295.7737731933594 116
1709731026842 291.5360412597656 117
1709731026889 272.0747375488281 118
1709731026935 292.5108337402344 119
