1709731021226 86.75109100341797 0
1709731021275 40.59046173095703 1
1709731021322 31.464380264282227 2
1709731021369 30.530458450317383 3
1709731021416 29.696304321289062 4
1709731021473 29.05466079711914 5
1709731021522 28.192420959472656 6
1709731021572 27.6682186126709 7
1709731021628 27.130651473999023 8
1709731021688 26.520793914794922 9
1709731021748 26.360523223876953 10
1709731021812 26.02099609375 11
1709731021859 25.23920249938965 12
1709731021908 24.4643497467041 13
1709731021957 24.29859161376953 14
1709731022007 23.87606430053711 15
1709731022057 22.831954956054688 16
1709731022103 22.918228149414062 17
1709731022150 22.026193618774414 18
1709731022197 21.450719833374023 19
1709731022243 21.573829650878906 20
1709731022291 20.707317352294922 21
1709731022337 20.313264846801758 22
1709731022384 19.720603942871094 23
1709731022431 19.4469051361084 24
1709731022479 18.55768585205078 25
1709731022525 17.96388816833496 26
1709731022572 17.0068359375 27
1709731022619 17.3735408782959 28
1709731022665 16.80073356628418 29
1709731022712 16.208202362060547 30
1709731022760 16.010744094848633 31
1709731022807 15.637434959411621 32
1709731022853 14.982422828674316 33
1709731022900 15.125543594360352 34
1709731022946 14.623614311218262 35
1709731022992 14.708344459533691 36
1709731023038 14.080653190612793 37
1709731023084 13.783063888549805 38
1709731023130 14.670077323913574 39
1709731023176 13.930891036987305 40
1709731023223 14.003414154052734 41
1709731023268 14.192392349243164 42
1709731023319 14.227272033691406 43
1709731023369 14.587406158447266 44
1709731023421 13.730002403259277 45
1709731023478 14.053155899047852 46
1709731023526 13.916306495666504 47
1709731023573 13.782208442687988 48
1709731023619 13.956684112548828 49
1709731023665 13.564008712768555 50
1709731023711 13.991427421569824 51
1709731023757 13.9420804977417 52
1709731023804 13.909621238708496 53
1709731023850 14.098526954650879 54
1709731023897 13.636280059814453 55
1709731023943 14.854593276977539 56
1709731023990 14.104560852050781 57
1709731024037 13.884360313415527 58
1709731024086 13.779383659362793 59
1709731024134 13.975848197937012 60
1709731024181 13.758325576782227 61
1709731024227 13.716689109802246 62
1709731024273 13.736045837402344 63
1709731024330 14.002816200256348 64
1709731024376 13.997542381286621 65
1709731024423 13.023791313171387 66
1709731024469 13.025704383850098 67
1709731024516 13.157176971435547 68
1709731024564 14.092514991760254 69
1709731024610 13.070167541503906 70
1709731024658 13.850597381591797 71
1709731024705 13.700152397155762 72
1709731024752 13.921401023864746 73
1709731024799 13.207427024841309 74
1709731024846 13.960662841796875 75
1709731024895 13.443364143371582 76
1709731024942 13.785405158996582 77
1709731024990 14.023921012878418 78
1709731025037 13.835285186767578 79
1709731025084 13.589543342590332 80
1709731025131 13.513362884521484 81
1709731025177 13.323861122131348 82
1709731025223 13.55246353149414 83
1709731025269 13.797111511230469 84
1709731025317 13.771121978759766 85
1709731025363 13.40194320678711 86
1709731025410 13.81702995300293 87
1709731025456 13.696930885314941 88
1709731025502 13.465202331542969 89
1709731025548 13.794172286987305 90
1709731025594 14.312583923339844 91
1709731025640 13.21657943725586 92
1709731025689 13.741829872131348 93
1709731025742 13.273845672607422 94
1709731025792 13.211896896362305 95
1709731025841 13.681108474731445 96
1709731025892 14.04517936706543 97
1709731025941 13.078686714172363 98
1709731025988 13.35241413116455 99
1709731026038 13.820573806762695 100
1709731026084 13.279261589050293 101
1709731026130 13.2132568359375 102
1709731026176 13.546772003173828 103
1709731026226 13.324261665344238 104
1709731026276 13.250621795654297 105
1709731026328 13.209712982177734 106
1709731026376 13.440400123596191 107
1709731026423 13.338946342468262 108
1709731026469 13.950743675231934 109
1709731026515 13.4852876663208 110
1709731026562 13.611854553222656 111
1709731026609 13.017843246459961 112
1709731026656 12.538723945617676 113
1709731026702 13.525806427001953 114
1709731026749 13.00411605834961 115
1709731026795 13.220252990722656 116
1709731026842 13.025036811828613 117
1709731026889 12.996637344360352 118
1709731026935 13.040090560913086 119
