1711745653126 114.0135269165039 0
1711745653145 113.81285858154297 1
1711745653159 113.6277084350586 2
1711745653174 113.41570281982422 3
1711745653194 113.17758178710938 4
1711745653207 112.88983154296875 5
1711745653221 112.5766830444336 6
1711745653242 112.24609375 7
1711745653256 111.88327026367188 8
1711745653271 111.39830017089844 9
1711745653290 110.93756866455078 10
1711745653306 110.34773254394531 11
1711745653320 109.69056701660156 12
1711745653338 109.05022430419922 13
1711745653353 108.15879821777344 14
1711745653372 107.1650619506836 15
1711745653387 106.13740539550781 16
1711745653401 104.9615249633789 17
1711745653420 103.74214172363281 18
1711745653435 102.22638702392578 19
1711745653453 100.59744262695312 20
1711745653468 98.69812774658203 21
1711745653501 96.74935913085938 22
1711745653515 94.71390533447266 23
1711745653529 91.87835693359375 24
1711745653542 89.6514663696289 25
1711745653556 86.79788208007812 26
1711745653571 83.73994445800781 27
1711745653585 80.1826171875 28
1711745653599 76.9311294555664 29
1711745653613 73.36013793945312 30
1711745653627 69.32415771484375 31
1711745653640 64.78170776367188 32
1711745653662 60.3357048034668 33
1711745653688 55.70293045043945 34
1711745653702 50.966064453125 35
1711745653718 46.60713195800781 36
1711745653732 42.54331588745117 37
1711745653746 38.2340087890625 38
1711745653762 34.414878845214844 39
1711745653777 30.816848754882812 40
1711745653797 27.502832412719727 41
1711745653811 24.785602569580078 42
1711745653825 22.12230682373047 43
1711745653838 19.969003677368164 44
1711745653858 18.977197647094727 45
1711745653872 19.00466537475586 46
1711745653886 18.2181396484375 47
1711745653900 17.557998657226562 48
1711745653919 16.6604061126709 49
1711745653934 16.953582763671875 50
1711745653952 15.549060821533203 51
1711745653965 15.858263969421387 52
1711745653980 15.896008491516113 53
1711745653999 16.105567932128906 54
1711745654012 15.549108505249023 55
1711745654026 15.561371803283691 56
1711745654043 14.788200378417969 57
1711745654056 14.263924598693848 58
1711745654070 14.102270126342773 59
1711745654088 14.681541442871094 60
1711745654102 14.557234764099121 61
1711745654121 13.694723129272461 62
1711745654136 14.311484336853027 63
1711745654151 14.420480728149414 64
1711745654169 12.900860786437988 65
1711745654183 14.262282371520996 66
1711745654200 13.471169471740723 67
1711745654214 13.129936218261719 68
1711745654227 13.460827827453613 69
1711745654244 13.063065528869629 70
1711745654257 13.465951919555664 71
1711745654270 13.164373397827148 72
1711745654289 12.603978157043457 73
1711745654303 12.569265365600586 74
1711745654317 11.93829345703125 75
1711745654335 12.380162239074707 76
1711745654349 12.884563446044922 77
1711745654365 12.97810173034668 78
1711745654379 12.008561134338379 79
1711745654392 12.607282638549805 80
1711745654410 12.736882209777832 81
1711745654423 12.257280349731445 82
1711745658016 13.164373397827148 83
