1711745653126 14664.775390625 0
1711745653145 14621.15625 1
1711745653159 14579.294921875 2
1711745653174 14534.4287109375 3
1711745653194 14483.58984375 4
1711745653207 14418.5234375 5
1711745653221 14348.431640625 6
1711745653242 14280.763671875 7
1711745653256 14200.3349609375 8
1711745653271 14088.0859375 9
1711745653290 13990.787109375 10
1711745653306 13854.7470703125 11
1711745653320 13707.80078125 12
1711745653338 13571.8037109375 13
1711745653353 13370.357421875 14
1711745653372 13146.01953125 15
1711745653387 12932.1396484375 16
1711745653401 12686.8134765625 17
1711745653420 12414.1689453125 18
1711745653435 12094.755859375 19
1711745653453 11751.302734375 20
1711745653468 11350.4365234375 21
1711745653501 10964.150390625 22
1711745653515 10528.4052734375 23
1711745653529 9996.2470703125 24
1711745653542 9557.662109375 25
1711745653556 9010.7236328125 26
1711745653571 8426.337890625 27
1711745653585 7804.04296875 28
1711745653599 7243.7001953125 29
1711745653613 6618.63623046875 30
1711745653627 5984.458984375 31
1711745653640 5313.80859375 32
1711745653662 4635.21044921875 33
1711745653688 4098.359375 34
1711745653702 3487.4111328125 35
1711745653718 2964.504150390625 36
1711745653732 2536.0576171875 37
1711745653746 2075.614990234375 38
1711745653762 1691.72021484375 39
1711745653777 1364.1917724609375 40
1711745653797 1102.568359375 41
1711745653811 901.843994140625 42
1711745653825 719.5654907226562 43
1711745653838 618.299560546875 44
1711745653858 543.6171264648438 45
1711745653872 512.9706420898438 46
1711745653886 496.9281311035156 47
1711745653900 469.3915710449219 48
1711745653919 435.7026062011719 49
1711745653934 436.6163024902344 50
1711745653952 383.5110168457031 51
1711745653965 387.1293640136719 52
1711745653980 386.6000671386719 53
1711745653999 408.79913330078125 54
1711745654012 375.05194091796875 55
1711745654026 374.74652099609375 56
1711745654043 354.1541748046875 57
1711745654056 328.538330078125 58
1711745654070 315.022216796875 59
1711745654088 347.9328918457031 60
1711745654102 329.05108642578125 61
1711745654121 314.23150634765625 62
1711745654136 330.0679931640625 63
1711745654151 345.08203125 64
1711745654169 276.8649597167969 65
1711745654183 340.3865966796875 66
1711745654200 300.1385498046875 67
1711745654214 293.9435729980469 68
1711745654227 308.0478515625 69
1711745654244 274.422607421875 70
1711745654257 278.47540283203125 71
1711745654270 278.1528015136719 72
1711745654289 279.6382751464844 73
1711745654303 268.388427734375 74
1711745654317 250.27658081054688 75
1711745654335 251.0880889892578 76
1711745654349 266.0624694824219 77
1711745654365 284.870361328125 78
1711745654379 251.64971923828125 79
1711745654392 258.6388244628906 80
1711745654410 253.36204528808594 81
1711745654423 249.6226043701172 82
1711745658016 278.1528015136719 83
