1710188211032 14697.5615234375 0
1710188211052 14644.5927734375 1
1710188211067 14587.294921875 2
1710188211082 14525.6259765625 3
1710188211101 14473.892578125 4
1710188211116 14417.326171875 5
1710188211135 14343.9287109375 6
1710188211151 14275.818359375 7
1710188211169 14194.88671875 8
1710188211184 14114.638671875 9
1710188211203 14036.8759765625 10
1710188211219 13911.8115234375 11
1710188211238 13793.5703125 12
1710188211252 13686.06640625 13
1710188211271 13511.3408203125 14
1710188211287 13371.1484375 15
1710188211302 13201.9072265625 16
1710188211321 12969.9208984375 17
1710188211336 12789.98046875 18
1710188211356 12577.552734375 19
1710188211370 12284.3701171875 20
1710188211386 11972.78515625 21
1710188211405 11689.638671875 22
1710188211419 11273.111328125 23
1710188211434 10912.3916015625 24
1710188211452 10608.568359375 25
1710188211467 10123.2578125 26
1710188211484 9668.1640625 27
1710188211499 9259.5078125 28
1710188211516 8766.92578125 29
1710188211532 8218.5537109375 30
1710188211549 7645.57568359375 31
1710188211564 7078.45068359375 32
1710188211578 6493.05810546875 33
1710188211597 6054.794921875 34
1710188211610 5355.89501953125 35
1710188211629 4769.498046875 36
1710188211642 4261.7060546875 37
1710188211657 3756.449462890625 38
1710188211675 3293.25 39
1710188211690 2902.423828125 40
1710188211705 2360.207763671875 41
1710188211724 2108.02587890625 42
1710188211739 1663.5648193359375 43
1710188211758 1375.889404296875 44
1710188211772 1168.6226806640625 45
1710188211787 924.6241455078125 46
1710188211806 839.463134765625 47
1710188211821 790.0016479492188 48
1710188211839 683.5970458984375 49
1710188211854 605.0932006835938 50
1710188211868 501.6512145996094 51
1710188211887 545.3590087890625 52
1710188211902 463.3916015625 53
1710188211920 408.53045654296875 54
1710188211934 424.1319885253906 55
1710188211952 434.8133850097656 56
1710188211965 416.5796813964844 57
1710188211979 404.7413024902344 58
1710188211997 392.9442138671875 59
1710188212012 509.5434265136719 60
1710188212029 392.41546630859375 61
1710188212043 378.365966796875 62
1710188214943 545.3590087890625 63
