1710188211032 114.1837387084961 0
1710188211052 113.94252014160156 1
1710188211067 113.70053100585938 2
1710188211082 113.43189239501953 3
1710188211101 113.20060729980469 4
1710188211116 112.93148803710938 5
1710188211135 112.62406921386719 6
1710188211151 112.30311584472656 7
1710188211169 111.99270629882812 8
1710188211184 111.57596588134766 9
1710188211203 111.22977447509766 10
1710188211219 110.6606216430664 11
1710188211238 110.13545989990234 12
1710188211252 109.6164321899414 13
1710188211271 108.90338134765625 14
1710188211287 108.2456283569336 15
1710188211302 107.40088653564453 16
1710188211321 106.4151840209961 17
1710188211336 105.63098907470703 18
1710188211356 104.58702850341797 19
1710188211370 103.24906158447266 20
1710188211386 101.66195678710938 21
1710188211405 100.3244857788086 22
1710188211419 98.42485046386719 23
1710188211434 96.66386413574219 24
1710188211452 95.06034851074219 25
1710188211467 92.88751220703125 26
1710188211484 90.47742462158203 27
1710188211499 88.28882598876953 28
1710188211516 85.77334594726562 29
1710188211532 82.87628936767578 30
1710188211549 79.69747924804688 31
1710188211564 76.54977416992188 32
1710188211578 72.73629760742188 33
1710188211597 69.52721405029297 34
1710188211610 65.52714538574219 35
1710188211629 61.572628021240234 36
1710188211642 57.591796875 37
1710188211657 53.619869232177734 38
1710188211675 49.997920989990234 39
1710188211690 46.27021408081055 40
1710188211705 41.53371047973633 41
1710188211724 39.07975769042969 42
1710188211739 35.36662292480469 43
1710188211758 30.831432342529297 44
1710188211772 28.968290328979492 45
1710188211787 25.31185531616211 46
1710188211806 24.251802444458008 47
1710188211821 23.175342559814453 48
1710188211839 21.666048049926758 49
1710188211854 19.892391204833984 50
1710188211868 18.367820739746094 51
1710188211887 18.460430145263672 52
1710188211902 17.71227264404297 53
1710188211920 16.366493225097656 54
1710188211934 16.272489547729492 55
1710188211952 16.917476654052734 56
1710188211965 16.57634162902832 57
1710188211979 16.333213806152344 58
1710188211997 15.860540390014648 59
1710188212012 17.896608352661133 60
1710188212029 15.971704483032227 61
1710188212043 15.321612358093262 62
1710188214943 18.460430145263672 63
