1709737310446 6249.5595703125 0
1709737310508 2046.2069091796875 1
1709737310557 1507.08837890625 2
1709737310605 1442.9708251953125 3
1709737310655 1375.39599609375 4
1709737310702 1311.163330078125 5
1709737310749 1269.13818359375 6
1709737310798 1213.1173095703125 7
1709737310845 1139.291015625 8
1709737310892 1088.8388671875 9
1709737310939 1032.0804443359375 10
1709737310988 996.7098999023438 11
1709737311035 961.2804565429688 12
1709737311082 919.197998046875 13
1709737311131 869.615478515625 14
1709737311179 851.6677856445312 15
1709737311226 816.8169555664062 16
1709737311272 777.9962768554688 17
1709737311319 757.057861328125 18
1709737311366 726.6679077148438 19
1709737311413 684.07275390625 20
1709737311462 655.429443359375 21
1709737311511 629.9146118164062 22
1709737311558 594.923828125 23
1709737311605 576.5243530273438 24
1709737311651 549.948486328125 25
1709737311699 528.7073364257812 26
1709737311747 501.4736633300781 27
1709737311795 486.7014465332031 28
1709737311842 463.8371887207031 29
1709737311889 436.2123718261719 30
1709737311936 424.3778076171875 31
1709737311983 410.3163757324219 32
1709737312030 400.8393859863281 33
1709737312077 389.986328125 34
1709737312124 376.2686462402344 35
1709737312170 379.2943115234375 36
1709737312218 378.056884765625 37
1709737312268 367.8286437988281 38
1709737312318 364.9647521972656 39
1709737312370 349.6898193359375 40
1709737312418 343.256591796875 41
1709737312465 350.3848571777344 42
1709737312514 328.030029296875 43
1709737312561 348.2645263671875 44
1709737312608 332.9739990234375 45
1709737312654 339.33868408203125 46
1709737312702 331.4305419921875 47
1709737312750 334.916015625 48
1709737312797 331.5115966796875 49
1709737312844 323.3608093261719 50
1709737312891 325.0310363769531 51
1709737312938 326.6272888183594 52
1709737312984 325.3746643066406 53
1709737313031 337.5573425292969 54
1709737313078 309.6959228515625 55
1709737313124 326.36419677734375 56
1709737313171 314.6166687011719 57
1709737313219 349.7016296386719 58
1709737313266 308.8388977050781 59
1709737313313 320.6236267089844 60
1709737313361 322.99591064453125 61
1709737313408 319.64752197265625 62
1709737313455 326.9676208496094 63
1709737313503 300.92333984375 64
1709737313550 321.64141845703125 65
1709737313597 316.1460266113281 66
1709737313644 320.4837646484375 67
1709737313691 311.92901611328125 68
1709737313738 305.4954833984375 69
1709737313784 311.9755859375 70
1709737313832 310.47637939453125 71
1709737313879 307.392333984375 72
1709737313925 304.32672119140625 73
1709737313971 316.0982971191406 74
1709737314020 305.34564208984375 75
1709737314067 306.046630859375 76
1709737314115 333.6494140625 77
1709737314161 296.5850830078125 78
1709737314208 327.0150451660156 79
1709737314254 304.1452331542969 80
1709737314301 319.06329345703125 81
1709737314348 296.6550598144531 82
1709737314395 303.44268798828125 83
1709737314441 307.2934265136719 84
1709737314488 314.3074645996094 85
1709737314537 302.63824462890625 86
1709737314587 294.2951965332031 87
1709737314635 298.1742248535156 88
1709737314682 315.0506896972656 89
1709737314732 310.20050048828125 90
1709737314779 310.795654296875 91
1709737314826 311.8954162597656 92
1709737314873 311.5475769042969 93
1709737314919 299.6781005859375 94
1709737314966 301.919677734375 95
1709737315014 282.96649169921875 96
1709737315061 293.6498718261719 97
1709737315108 304.3871765136719 98
1709737315155 297.2454833984375 99
1709737315201 292.1677551269531 100
1709737315248 300.35784912109375 101
1709737315295 298.8161926269531 102
1709737315341 298.95611572265625 103
1709737315388 292.4682922363281 104
1709737315435 302.8788757324219 105
1709737315482 297.3248596191406 106
1709737315529 293.1943054199219 107
1709737315576 293.15533447265625 108
1709737315623 302.6470947265625 109
1709737315669 283.87335205078125 110
1709737315716 300.3533020019531 111
1709737315770 302.8978271484375 112
1709737315817 306.5699462890625 113
1709737315868 299.341552734375 114
1709737315914 292.3911437988281 115
1709737315961 312.3572082519531 116
1709737316008 292.0467224121094 117
1709737316056 297.8104553222656 118
1709737316103 284.5723876953125 119
