1709737310446 70.36100769042969 0
1709737310508 37.263710021972656 1
1709737310557 31.693008422851562 2
1709737310605 30.977617263793945 3
1709737310655 29.978490829467773 4
1709737310702 29.62784194946289 5
1709737310749 28.968175888061523 6
1709737310798 28.410768508911133 7
1709737310845 27.728883743286133 8
1709737310892 27.111522674560547 9
1709737310939 26.680448532104492 10
1709737310988 26.004728317260742 11
1709737311035 25.593881607055664 12
1709737311082 25.102224349975586 13
1709737311131 24.159751892089844 14
1709737311179 24.285171508789062 15
1709737311226 23.48763656616211 16
1709737311272 23.009668350219727 17
1709737311319 22.853904724121094 18
1709737311366 22.191143035888672 19
1709737311413 21.514162063598633 20
1709737311462 21.050451278686523 21
1709737311511 20.595338821411133 22
1709737311558 20.14605140686035 23
1709737311605 19.739730834960938 24
1709737311651 19.135393142700195 25
1709737311699 18.471206665039062 26
1709737311747 18.186138153076172 27
1709737311795 18.104066848754883 28
1709737311842 17.62464141845703 29
1709737311889 16.764421463012695 30
1709737311936 16.821435928344727 31
1709737311983 16.392784118652344 32
1709737312030 16.172983169555664 33
1709737312077 15.5329008102417 34
1709737312124 15.531777381896973 35
1709737312170 15.304901123046875 36
1709737312218 15.542620658874512 37
1709737312268 15.110391616821289 38
1709737312318 15.101334571838379 39
1709737312370 14.761987686157227 40
1709737312418 14.433362007141113 41
1709737312465 14.563790321350098 42
1709737312514 13.936114311218262 43
1709737312561 14.80078125 44
1709737312608 14.259681701660156 45
1709737312654 14.114904403686523 46
1709737312702 14.21841049194336 47
1709737312750 14.220507621765137 48
1709737312797 14.224814414978027 49
1709737312844 13.717188835144043 50
1709737312891 13.9744873046875 51
1709737312938 14.147716522216797 52
1709737312984 13.9813814163208 53
1709737313031 14.552316665649414 54
1709737313078 13.8475341796875 55
1709737313124 13.878135681152344 56
1709737313171 14.021815299987793 57
1709737313219 14.67916488647461 58
1709737313266 13.44761848449707 59
1709737313313 13.909974098205566 60
1709737313361 14.011658668518066 61
1709737313408 13.809599876403809 62
1709737313455 13.9744291305542 63
1709737313503 13.542917251586914 64
1709737313550 13.968096733093262 65
1709737313597 13.721907615661621 66
1709737313644 14.115484237670898 67
1709737313691 13.776839256286621 68
1709737313738 13.773642539978027 69
1709737313784 13.447504043579102 70
1709737313832 13.547607421875 71
1709737313879 13.44323444366455 72
1709737313925 13.473918914794922 73
1709737313971 13.828943252563477 74
1709737314020 13.5486421585083 75
1709737314067 13.509350776672363 76
1709737314115 14.253205299377441 77
1709737314161 13.14539909362793 78
1709737314208 14.733144760131836 79
1709737314254 13.567087173461914 80
1709737314301 13.813628196716309 81
1709737314348 13.254356384277344 82
1709737314395 13.442246437072754 83
1709737314441 13.644306182861328 84
1709737314488 13.584741592407227 85
1709737314537 13.446145057678223 86
1709737314587 13.20346450805664 87
1709737314635 13.454471588134766 88
1709737314682 13.590206146240234 89
1709737314732 13.860201835632324 90
1709737314779 13.33288288116455 91
1709737314826 14.20402717590332 92
1709737314873 13.676265716552734 93
1709737314919 13.396247863769531 94
1709737314966 13.387602806091309 95
1709737315014 12.85498046875 96
1709737315061 13.362017631530762 97
1709737315108 13.274059295654297 98
1709737315155 13.379283905029297 99
1709737315201 13.423880577087402 100
1709737315248 13.732257843017578 101
1709737315295 13.162034034729004 102
1709737315341 13.3375825881958 103
1709737315388 13.190105438232422 104
1709737315435 13.533761978149414 105
1709737315482 13.34585189819336 106
1709737315529 13.154472351074219 107
1709737315576 13.332206726074219 108
1709737315623 13.250284194946289 109
1709737315669 13.217116355895996 110
1709737315716 13.418207168579102 111
1709737315770 13.717558860778809 112
1709737315817 13.980666160583496 113
1709737315868 13.452585220336914 114
1709737315914 13.107028007507324 115
1709737315961 14.062634468078613 116
1709737316008 13.433985710144043 117
1709737316056 13.520268440246582 118
1709737316103 12.95878791809082 119
