1710188618663 14786.1650390625 0
1710188618683 14743.62890625 1
1710188618698 14707.0185546875 2
1710188618713 14670.443359375 3
1710188618734 14632.3779296875 4
1710188618749 14604.205078125 5
1710188618767 14561.0224609375 6
1710188618783 14506.607421875 7
1710188618803 14463.3251953125 8
1710188618817 14405.5888671875 9
1710188618837 14331.5048828125 10
1710188618852 14256.8828125 11
1710188618868 14161.1728515625 12
1710188618888 14075.8046875 13
1710188618903 13935.7333984375 14
1710188618918 13792.16015625 15
1710188618939 13659.212890625 16
1710188618955 13477.32421875 17
1710188618970 13282.330078125 18
1710188618989 13106.6689453125 19
1710188619006 12858.23046875 20
1710188619024 12613.6337890625 21
1710188619038 12295.0859375 22
1710188619056 11990.0029296875 23
1710188619070 11623.2021484375 24
1710188619084 11228.1376953125 25
1710188619103 10837.3291015625 26
1710188619117 10446.5224609375 27
1710188619135 10024.669921875 28
1710188619149 9487.9033203125 29
1710188619166 9025.458984375 30
1710188619181 8539.708984375 31
1710188619195 7954.1142578125 32
1710188619213 7381.015625 33
1710188619227 6835.943359375 34
1710188619245 6191.1513671875 35
1710188619259 5617.759765625 36
1710188619273 5036.58056640625 37
1710188619292 4600.18359375 38
1710188619306 3988.571533203125 39
1710188619323 3422.216552734375 40
1710188619342 3001.218017578125 41
1710188619359 2577.532958984375 42
1710188619374 2292.2724609375 43
1710188619392 1693.4814453125 44
1710188619406 1578.5550537109375 45
1710188619424 1340.6998291015625 46
1710188619438 1083.3544921875 47
1710188619452 967.9657592773438 48
1710188619470 779.9210815429688 49
1710188619484 671.9358520507812 50
1710188619499 626.1494750976562 51
1710188619517 586.1070556640625 52
1710188619532 460.0477294921875 53
1710188619549 488.03729248046875 54
1710188619564 427.9927978515625 55
1710188619582 387.80841064453125 56
1710188619596 429.08941650390625 57
1710188619609 460.7320556640625 58
1710188619628 397.7626037597656 59
1710188619641 403.8619384765625 60
1710188619659 380.664794921875 61
1710188619672 318.5616760253906 62
1710188619686 454.08148193359375 63
1710188619704 378.6221618652344 64
1710188619719 363.82489013671875 65
1710188619737 385.97406005859375 66
1710188619751 377.3926086425781 67
1710188619765 309.9859313964844 68
1710188619783 329.7708740234375 69
1710188619796 299.86602783203125 70
1710188619815 280.6000671386719 71
1710188619828 360.6932678222656 72
1710188619842 344.2397766113281 73
1710188619860 298.96875 74
1710188619874 356.16485595703125 75
1710188619891 287.84088134765625 76
1710188619906 318.8529968261719 77
1710188619921 362.9436340332031 78
1710188619940 303.4066162109375 79
1710188619955 273.6034851074219 80
1710188619973 302.1500549316406 81
1710188619987 321.94024658203125 82
1710188620001 344.35577392578125 83
1710188620019 285.0113830566406 84
1710188620035 326.0484924316406 85
1710188620052 292.77880859375 86
1710188620066 305.36993408203125 87
1710188620079 285.7040710449219 88
1710188620098 294.64959716796875 89
1710188620111 302.5194091796875 90
1710188620129 315.1036682128906 91
1710188620143 297.33294677734375 92
1710188620156 249.79685974121094 93
1710188620175 295.8544616699219 94
1710188620188 326.2209167480469 95
1710188620202 288.15985107421875 96
1710188620220 253.52064514160156 97
1710188620235 257.0928649902344 98
1710188620254 267.7763977050781 99
1710188622980 294.64959716796875 100
