1710188618663 114.59461212158203 0
1710188618683 114.4006118774414 1
1710188618698 114.22135925292969 2
1710188618713 114.05146789550781 3
1710188618734 113.88815307617188 4
1710188618749 113.75377655029297 5
1710188618767 113.56303405761719 6
1710188618783 113.32888793945312 7
1710188618803 113.14240264892578 8
1710188618817 112.86853790283203 9
1710188618837 112.55213928222656 10
1710188618852 112.20942687988281 11
1710188618868 111.79788970947266 12
1710188618888 111.40062713623047 13
1710188618903 110.82191467285156 14
1710188618918 110.17376708984375 15
1710188618939 109.55220031738281 16
1710188618955 108.73552703857422 17
1710188618970 107.84761047363281 18
1710188618989 106.97993469238281 19
1710188619006 105.7904281616211 20
1710188619024 104.7241439819336 21
1710188619038 103.26353454589844 22
1710188619056 101.74374389648438 23
1710188619070 100.00503540039062 24
1710188619084 98.04959106445312 25
1710188619103 96.10771179199219 26
1710188619117 94.030029296875 27
1710188619135 92.01427459716797 28
1710188619149 89.34273529052734 29
1710188619166 86.79711151123047 30
1710188619181 84.10552978515625 31
1710188619195 80.81473541259766 32
1710188619213 77.73469543457031 33
1710188619227 74.18498992919922 34
1710188619245 70.14105224609375 35
1710188619259 66.52104187011719 36
1710188619273 62.535335540771484 37
1710188619292 59.415931701660156 38
1710188619306 54.86125946044922 39
1710188619323 50.35923767089844 40
1710188619342 47.6489143371582 41
1710188619359 43.763893127441406 42
1710188619374 40.64244079589844 43
1710188619392 35.27256393432617 44
1710188619406 33.46198654174805 45
1710188619424 31.176742553710938 46
1710188619438 27.418624877929688 47
1710188619452 26.227741241455078 48
1710188619470 23.879413604736328 49
1710188619484 21.71985626220703 50
1710188619499 21.01324462890625 51
1710188619517 20.128734588623047 52
1710188619532 17.835102081298828 53
1710188619549 18.644804000854492 54
1710188619564 17.348533630371094 55
1710188619582 16.060277938842773 56
1710188619596 17.119930267333984 57
1710188619609 17.365280151367188 58
1710188619628 16.680490493774414 59
1710188619641 15.912252426147461 60
1710188619659 16.207111358642578 61
1710188619672 14.576735496520996 62
1710188619686 16.721080780029297 63
1710188619704 14.5419340133667 64
1710188619719 15.378429412841797 65
1710188619737 15.561275482177734 66
1710188619751 15.512717247009277 67
1710188619765 14.128030776977539 68
1710188619783 14.185154914855957 69
1710188619796 13.717168807983398 70
1710188619815 12.537428855895996 71
1710188619828 14.79652214050293 72
1710188619842 14.913451194763184 73
1710188619860 13.46190071105957 74
1710188619874 14.598121643066406 75
1710188619891 13.190230369567871 76
1710188619906 13.906972885131836 77
1710188619921 14.901823997497559 78
1710188619940 13.311446189880371 79
1710188619955 12.758495330810547 80
1710188619973 13.47449016571045 81
1710188619987 13.826443672180176 82
1710188620001 14.283692359924316 83
1710188620019 13.057804107666016 84
1710188620035 13.542387962341309 85
1710188620052 13.684798240661621 86
1710188620066 13.95151138305664 87
1710188620079 13.517192840576172 88
1710188620098 12.847102165222168 89
1710188620111 13.708067893981934 90
1710188620129 14.003148078918457 91
1710188620143 13.441008567810059 92
1710188620156 12.41087532043457 93
1710188620175 13.411368370056152 94
1710188620188 14.339604377746582 95
1710188620202 13.350528717041016 96
1710188620220 12.359508514404297 97
1710188620235 12.099939346313477 98
1710188620254 12.765128135681152 99
1710188622980 12.847102165222168 100
