1710187227476 54.0067024230957 0
1710187227535 44.29708480834961 1
1710187227594 42.72966384887695 2
1710187227651 39.10968780517578 3
1710187227707 37.27686309814453 4
1710187227765 41.399200439453125 5
1710187227820 37.58251190185547 6
1710187227875 38.496826171875 7
1710187227931 39.72348403930664 8
1710187227987 35.84953689575195 9
1710187228043 37.886600494384766 10
1710187228098 38.0662727355957 11
1710187228152 34.419036865234375 12
1710187228207 35.45561599731445 13
1710187228262 35.68610763549805 14
1710187228318 33.97128677368164 15
1710187228374 35.55751037597656 16
1710187228429 37.44194030761719 17
1710187228485 35.47090148925781 18
1710187228541 35.39085006713867 19
1710187228597 33.203834533691406 20
1710187228652 33.42897033691406 21
1710187228708 32.18696212768555 22
1710187228766 32.430908203125 23
1710187228822 34.55958557128906 24
1710187228877 31.935745239257812 25
1710187228932 30.140077590942383 26
1710187228986 31.156240463256836 27
1710187229041 30.825796127319336 28
1710187229095 30.31334686279297 29
1710187229151 30.579391479492188 30
1710187229207 29.603113174438477 31
1710187229264 32.70643615722656 32
1710187229319 29.4727783203125 33
1710187229374 28.24481964111328 34
1710187229429 28.725387573242188 35
1710187229485 27.623069763183594 36
1710187229541 27.903209686279297 37
1710187229596 24.643129348754883 38
1710187229651 28.292863845825195 39
1710187229706 25.49338150024414 40
1710187229764 25.986713409423828 41
1710187229819 25.494674682617188 42
1710187229876 24.358442306518555 43
1710187229934 23.865629196166992 44
1710187229990 24.26314926147461 45
1710187230046 22.177776336669922 46
1710187230101 21.66269302368164 47
1710187230156 22.191865921020508 48
1710187230211 22.85116195678711 49
