1710187227476 4626.99853515625 0
1710187227535 3116.0576171875 1
1710187227594 2646.828125 2
1710187227651 2373.765869140625 3
1710187227707 2190.127685546875 4
1710187227765 2510.529541015625 5
1710187227820 2115.40185546875 6
1710187227875 2274.88330078125 7
1710187227931 2570.5595703125 8
1710187227987 2041.8868408203125 9
1710187228043 2148.38525390625 10
1710187228098 2215.60595703125 11
1710187228152 1824.1871337890625 12
1710187228207 1979.2657470703125 13
1710187228262 1882.446044921875 14
1710187228318 1809.1839599609375 15
1710187228374 2062.463134765625 16
1710187228429 2072.954833984375 17
1710187228485 1889.8095703125 18
1710187228541 1952.84326171875 19
1710187228597 1624.1104736328125 20
1710187228652 1726.41650390625 21
1710187228708 1535.318115234375 22
1710187228766 1785.858154296875 23
1710187228822 1755.7528076171875 24
1710187228877 1549.055419921875 25
1710187228932 1437.345947265625 26
1710187228986 1468.674560546875 27
1710187229041 1470.828857421875 28
1710187229095 1389.225830078125 29
1710187229151 1494.0791015625 30
1710187229207 1350.666748046875 31
1710187229264 1563.65673828125 32
1710187229319 1315.735107421875 33
1710187229374 1289.3946533203125 34
1710187229429 1217.18505859375 35
1710187229485 1160.5804443359375 36
1710187229541 1172.20166015625 37
1710187229596 961.4799194335938 38
1710187229651 1271.2884521484375 39
1710187229706 1017.279296875 40
1710187229764 1101.817138671875 41
1710187229819 922.6565551757812 42
1710187229876 877.3505249023438 43
1710187229934 824.389892578125 44
1710187229990 951.9671020507812 45
1710187230046 742.5264892578125 46
1710187230101 690.03369140625 47
1710187230156 752.0571899414062 48
1710187230211 774.528076171875 49
