1711743855962 14853.6904296875 0
1711743855982 14800.1435546875 1
1711743855999 14754.255859375 2
1711743856020 14711.2041015625 3
1711743856037 14655.9814453125 4
1711743856054 14618.5234375 5
1711743856074 14573.35546875 6
1711743856089 14524.8701171875 7
1711743856110 14474.8720703125 8
1711743856126 14425.7177734375 9
1711743856141 14369.365234375 10
1711743856161 14301.958984375 11
1711743856175 14229.17578125 12
1711743856196 14151.419921875 13
1711743856211 14059.2470703125 14
1711743856232 13963.29296875 15
1711743856248 13832.978515625 16
1711743856264 13724.54296875 17
1711743856284 13571.4912109375 18
1711743856299 13407.611328125 19
1711743856319 13225.8154296875 20
1711743856333 13056.232421875 21
1711743856352 12825.0458984375 22
1711743856366 12574.4560546875 23
1711743856382 12303.3095703125 24
1711743856401 11989.3359375 25
1711743856416 11676.12890625 26
1711743856432 11349.5283203125 27
1711743856451 10959.9189453125 28
1711743856465 10515.8046875 29
1711743856480 10136.1484375 30
1711743856499 9731.2001953125 31
1711743856515 9293.0703125 32
1711743856533 8737.7041015625 33
1711743856548 8078.599609375 34
1711743856567 7680.9287109375 35
1711743856581 7137.70068359375 36
1711743856596 6609.9375 37
1711743856616 6171.427734375 38
1711743856630 5526.67041015625 39
1711743856649 5012.9248046875 40
1711743856665 4368.34326171875 41
1711743856680 4024.944091796875 42
1711743856700 3449.4130859375 43
1711743856714 3018.19677734375 44
1711743856728 2595.5556640625 45
1711743856746 2196.239501953125 46
1711743856760 1949.6669921875 47
1711743856774 1660.77978515625 48
1711743856793 1355.7734375 49
1711743856808 1172.3311767578125 50
1711743856825 900.4977416992188 51
1711743856839 779.7670288085938 52
1711743856853 700.4425659179688 53
1711743856873 609.2313232421875 54
1711743856888 551.9421997070312 55
1711743856904 543.5555419921875 56
1711743856923 434.2212219238281 57
1711743856938 532.927734375 58
1711743856955 436.4087219238281 59
1711743856969 439.7948303222656 60
1711743856982 448.3164978027344 61
1711743857001 454.4720764160156 62
1711743857015 317.7380065917969 63
1711743857029 396.1966857910156 64
1711743857047 398.3486633300781 65
1711743857062 309.5916442871094 66
1711743857080 302.5691833496094 67
1711743857096 302.32073974609375 68
1711743859953 532.927734375 69
