1711743855962 114.79034423828125 0
1711743855982 114.56798553466797 1
1711743855999 114.38175964355469 2
1711743856020 114.2195053100586 3
1711743856037 113.98131561279297 4
1711743856054 113.82238006591797 5
1711743856074 113.63349914550781 6
1711743856089 113.4400863647461 7
1711743856110 113.22196960449219 8
1711743856126 113.00847625732422 9
1711743856141 112.7769546508789 10
1711743856161 112.48904418945312 11
1711743856175 112.1937484741211 12
1711743856196 111.86222839355469 13
1711743856211 111.46778106689453 14
1711743856232 111.04589080810547 15
1711743856248 110.52163696289062 16
1711743856264 110.0328140258789 17
1711743856284 109.36296081542969 18
1711743856299 108.67491912841797 19
1711743856319 107.90406036376953 20
1711743856333 107.14717102050781 21
1711743856352 106.06884765625 22
1711743856366 105.04437255859375 23
1711743856382 103.87799835205078 24
1711743856401 102.46815490722656 25
1711743856416 101.0493392944336 26
1711743856432 99.49116516113281 27
1711743856451 97.76378631591797 28
1711743856465 95.61927795410156 29
1711743856480 93.78543090820312 30
1711743856499 91.81361389160156 31
1711743856515 89.5574722290039 32
1711743856533 86.80133819580078 33
1711743856548 83.33633422851562 34
1711743856567 81.19781494140625 35
1711743856581 78.02301025390625 36
1711743856596 74.81739044189453 37
1711743856616 71.97664642333984 38
1711743856630 67.92552947998047 39
1711743856649 64.30406188964844 40
1711743856665 59.81103515625 41
1711743856680 56.98918914794922 42
1711743856700 52.360008239746094 43
1711743856714 48.81230545043945 44
1711743856728 44.7371940612793 45
1711743856746 40.629425048828125 46
1711743856760 37.94139099121094 47
1711743856774 34.68486022949219 48
1711743856793 30.860239028930664 49
1711743856808 28.418546676635742 50
1711743856825 24.44727325439453 51
1711743856839 23.338794708251953 52
1711743856853 21.588762283325195 53
1711743856873 19.938953399658203 54
1711743856888 19.486940383911133 55
1711743856904 19.140356063842773 56
1711743856923 16.845199584960938 57
1711743856938 18.704370498657227 58
1711743856955 16.475492477416992 59
1711743856969 16.43415069580078 60
1711743856982 16.663646697998047 61
1711743857001 17.177350997924805 62
1711743857015 14.303183555603027 63
1711743857029 16.0062313079834 64
1711743857047 16.055557250976562 65
1711743857062 13.874175071716309 66
1711743857080 13.909010887145996 67
1711743857096 13.884354591369629 68
1711743859953 18.704370498657227 69
