1711312957193 114.86875915527344 0
1711312957220 114.69213104248047 1
1711312957234 114.48986053466797 2
1711312957250 114.31348419189453 3
1711312957264 114.17106628417969 4
1711312957279 114.05223846435547 5
1711312957294 113.91781616210938 6
1711312957310 113.79034423828125 7
1711312957347 113.65705108642578 8
1711312957368 113.5063247680664 9
1711312957388 113.35978698730469 10
1711312957408 113.16300964355469 11
1711312957428 112.9819564819336 12
1711312957445 112.75157928466797 13
1711312957463 112.5606460571289 14
1711312957479 112.27483367919922 15
1711312957496 111.89421081542969 16
1711312957535 111.6083755493164 17
1711312957555 111.16947937011719 18
1711312957575 110.7938003540039 19
1711312957591 110.22611999511719 20
1711312957607 109.77604675292969 21
1711312957624 109.08789825439453 22
1711312957641 108.38653564453125 23
1711312957673 107.67703247070312 24
1711312957688 106.92173767089844 25
1711312957702 106.03402709960938 26
1711312957715 104.89833068847656 27
1711312957729 103.78366088867188 28
1711312957742 102.44695281982422 29
1711312957756 100.94552612304688 30
1711312957771 99.73145294189453 31
1711312957806 98.00234985351562 32
1711312957822 95.93770599365234 33
1711312957836 94.1824722290039 34
1711312957850 92.03296661376953 35
1711312957864 89.8643569946289 36
1711312957878 88.14871215820312 37
1711312957893 85.06411743164062 38
1711312957907 82.63336181640625 39
1711312957921 79.47219848632812 40
1711312957935 76.68550872802734 41
1711312957950 73.19509887695312 42
1711312957964 69.71607208251953 43
1711312957978 66.86639404296875 44
1711312958018 63.172203063964844 45
1711312958032 59.600868225097656 46
1711312958046 56.089176177978516 47
1711312958059 52.19316101074219 48
1711312958073 48.217002868652344 49
1711312958086 44.86992645263672 50
1711312958100 40.237361907958984 51
1711312958113 38.253448486328125 52
1711312958126 34.762184143066406 53
1711312958140 32.398101806640625 54
1711312958153 28.65935516357422 55
1711312958167 26.550622940063477 56
1711312958180 24.124826431274414 57
1711312958193 22.421340942382812 58
1711312958206 20.356727600097656 59
1711312958219 19.501131057739258 60
1711312958232 18.544891357421875 61
1711312958283 17.061124801635742 62
1711312958297 17.314952850341797 63
1711312958311 16.79763412475586 64
1711312958324 15.821799278259277 65
1711312958338 15.822040557861328 66
1711312958351 15.896269798278809 67
1711312958365 14.057868957519531 68
1711312958378 15.980485916137695 69
1711312958391 16.622108459472656 70
1711312958404 15.0210542678833 71
1711312958417 16.173072814941406 72
1711312958432 15.154321670532227 73
1711312958448 13.550095558166504 74
1711312961438 16.79763412475586 75
