1711312957193 14864.6328125 0
1711312957220 14822.681640625 1
1711312957234 14777.15234375 2
1711312957250 14736.7900390625 3
1711312957264 14706.572265625 4
1711312957279 14680.37109375 5
1711312957294 14649.7685546875 6
1711312957310 14622.630859375 7
1711312957347 14593.8876953125 8
1711312957368 14561.201171875 9
1711312957388 14526.642578125 10
1711312957408 14484.8720703125 11
1711312957428 14445.2666015625 12
1711312957445 14394.7958984375 13
1711312957463 14352.802734375 14
1711312957479 14283.91015625 15
1711312957496 14201.63671875 16
1711312957535 14135.2734375 17
1711312957555 14043.7900390625 18
1711312957575 13958.1572265625 19
1711312957591 13831.7333984375 20
1711312957607 13730.232421875 21
1711312957624 13578.7333984375 22
1711312957641 13413.9599609375 23
1711312957673 13264.087890625 24
1711312957688 13088.05078125 25
1711312957702 12882.2958984375 26
1711312957715 12645.07421875 27
1711312957729 12382.6826171875 28
1711312957742 12089.580078125 29
1711312957756 11775.302734375 30
1711312957771 11492.146484375 31
1711312957806 11136.4248046875 32
1711312957822 10709.30859375 33
1711312957836 10368.943359375 34
1711312957850 9929.744140625 35
1711312957864 9496.64453125 36
1711312957878 9134.576171875 37
1711312957893 8576.6689453125 38
1711312957907 8101.42578125 39
1711312957921 7532.412109375 40
1711312957935 7114.9033203125 41
1711312957950 6459.27880859375 42
1711312957964 5888.1689453125 43
1711312957978 5483.23828125 44
1711312958018 4901.6240234375 45
1711312958032 4479.62060546875 46
1711312958046 3986.403076171875 47
1711312958059 3522.615966796875 48
1711312958073 3008.406494140625 49
1711312958086 2644.328369140625 50
1711312958100 2170.886474609375 51
1711312958113 2008.12548828125 52
1711312958126 1710.53271484375 53
1711312958140 1479.83935546875 54
1711312958153 1146.0758056640625 55
1711312958167 1017.783447265625 56
1711312958180 839.3968505859375 57
1711312958193 741.7476806640625 58
1711312958206 628.4180908203125 59
1711312958219 557.284912109375 60
1711312958232 526.1351318359375 61
1711312958283 439.1351318359375 62
1711312958297 415.2850036621094 63
1711312958311 435.9007568359375 64
1711312958324 373.9781188964844 65
1711312958338 401.43878173828125 66
1711312958351 409.5025329589844 67
1711312958365 341.2880859375 68
1711312958378 398.99481201171875 69
1711312958391 422.2370300292969 70
1711312958404 368.3692321777344 71
1711312958417 395.1871337890625 72
1711312958432 339.8604431152344 73
1711312958448 343.8323974609375 74
1711312961438 435.9007568359375 75
