1709732874845 13127.71484375 0
1709732874895 8454.80859375 1
1709732874943 3881.202392578125 2
1709732874990 1754.587646484375 3
1709732875038 1460.9119873046875 4
1709732875085 1371.19140625 5
1709732875132 1299.4110107421875 6
1709732875178 1228.5009765625 7
1709732875225 1175.6837158203125 8
1709732875272 1134.5732421875 9
1709732875319 1080.6409912109375 10
1709732875365 1034.0704345703125 11
1709732875411 998.3439331054688 12
1709732875458 964.4110717773438 13
1709732875504 929.1691284179688 14
1709732875550 908.2890014648438 15
1709732875597 879.0703735351562 16
1709732875643 867.8255615234375 17
1709732875689 829.0513305664062 18
1709732875735 818.9456787109375 19
1709732875783 800.1004638671875 20
1709732875829 757.6270141601562 21
1709732875877 738.511474609375 22
1709732875929 712.9920043945312 23
1709732875976 675.6984252929688 24
1709732876022 627.3611450195312 25
1709732876069 584.441650390625 26
1709732876116 538.7400512695312 27
1709732876162 503.365234375 28
1709732876209 485.2294921875 29
1709732876256 445.45635986328125 30
1709732876304 437.33856201171875 31
1709732876350 416.3903503417969 32
1709732876397 392.1172180175781 33
1709732876443 375.8278503417969 34
1709732876489 364.1560974121094 35
1709732876537 364.6299743652344 36
1709732876584 350.3842468261719 37
1709732876630 352.83636474609375 38
1709732876676 334.6513671875 39
1709732876723 349.7889709472656 40
1709732876769 349.5528259277344 41
1709732876816 330.87823486328125 42
1709732876862 321.4961853027344 43
1709732876909 320.33477783203125 44
1709732876955 337.887939453125 45
1709732877002 329.4978942871094 46
1709732877048 321.15228271484375 47
1709732877095 299.0060729980469 48
1709732877141 359.62530517578125 49
1709732877187 324.98046875 50
1709732877234 311.2187805175781 51
1709732877281 325.8386535644531 52
1709732877328 314.8871765136719 53
1709732877375 318.22344970703125 54
1709732877421 323.4555969238281 55
1709732877468 309.495849609375 56
1709732877513 314.7847900390625 57
1709732877560 312.1869201660156 58
1709732877606 322.28936767578125 59
1709732877652 308.97637939453125 60
1709732877701 303.38128662109375 61
1709732877752 319.14093017578125 62
1709732877799 313.0441589355469 63
1709732877846 303.9561462402344 64
1709732877893 299.3111877441406 65
1709732877940 309.6220397949219 66
1709732877987 314.9491882324219 67
1709732878033 311.8184814453125 68
1709732878079 309.5462341308594 69
1709732878126 310.827880859375 70
1709732878173 311.1136474609375 71
1709732878219 308.8775634765625 72
1709732878266 299.3462829589844 73
1709732878314 306.0663146972656 74
1709732878363 293.8988037109375 75
1709732878410 310.0711669921875 76
1709732878457 302.0248107910156 77
1709732878507 313.927978515625 78
1709732878557 303.4219055175781 79
1709732878605 294.0639343261719 80
1709732878651 306.3841247558594 81
1709732878697 303.4833984375 82
1709732878743 292.08599853515625 83
1709732878790 313.2603759765625 84
1709732878837 305.13604736328125 85
1709732878883 299.9585876464844 86
1709732878930 309.4820556640625 87
1709732878976 305.45928955078125 88
1709732879023 296.4107360839844 89
1709732879070 292.26287841796875 90
1709732879116 289.3600158691406 91
1709732879162 307.0794372558594 92
1709732879209 291.94622802734375 93
1709732879256 314.3076477050781 94
1709732879303 291.0869445800781 95
1709732879350 291.251708984375 96
1709732879397 303.89453125 97
1709732879443 296.15325927734375 98
1709732879490 296.00518798828125 99
1709732879537 286.6201477050781 100
1709732879584 303.62103271484375 101
1709732879631 307.19171142578125 102
1709732879678 290.4047546386719 103
1709732879726 285.5740966796875 104
1709732879773 287.1444091796875 105
1709732879821 275.6128234863281 106
1709732879867 313.8841247558594 107
1709732879914 289.86309814453125 108
1709732879961 304.4746398925781 109
1709732880010 294.02197265625 110
1709732880086 291.41290283203125 111
1709732880142 293.1253356933594 112
1709732880189 288.4140319824219 113
1709732880236 290.4424743652344 114
1709732880283 290.6348571777344 115
1709732880331 299.85479736328125 116
1709732880378 297.9361267089844 117
1709732880427 290.3666687011719 118
1709732880475 290.3078308105469 119
