1709732874845 106.8962173461914 0
1709732874895 82.72032165527344 1
1709732874943 53.73784255981445 2
1709732874990 33.95026397705078 3
1709732875038 31.134387969970703 4
1709732875085 30.115684509277344 5
1709732875132 29.13137435913086 6
1709732875178 28.513591766357422 7
1709732875225 27.97049331665039 8
1709732875272 27.825267791748047 9
1709732875319 27.007465362548828 10
1709732875365 26.58721351623535 11
1709732875411 26.025062561035156 12
1709732875458 25.65172576904297 13
1709732875504 25.232616424560547 14
1709732875550 24.868589401245117 15
1709732875597 24.108356475830078 16
1709732875643 24.227767944335938 17
1709732875689 23.568618774414062 18
1709732875735 23.460302352905273 19
1709732875783 23.723316192626953 20
1709732875829 22.697351455688477 21
1709732875877 22.488183975219727 22
1709732875929 21.581480026245117 23
1709732875976 21.27896499633789 24
1709732876022 20.60468292236328 25
1709732876069 19.94203758239746 26
1709732876116 18.956905364990234 27
1709732876162 18.548358917236328 28
1709732876209 18.218290328979492 29
1709732876256 17.145809173583984 30
1709732876304 16.982654571533203 31
1709732876350 16.16133689880371 32
1709732876397 15.819365501403809 33
1709732876443 15.552962303161621 34
1709732876489 15.155962944030762 35
1709732876537 15.25207805633545 36
1709732876584 14.984149932861328 37
1709732876630 15.002882957458496 38
1709732876676 14.575096130371094 39
1709732876723 14.75613784790039 40
1709732876769 14.735991477966309 41
1709732876816 14.183455467224121 42
1709732876862 14.278155326843262 43
1709732876909 13.883292198181152 44
1709732876955 14.340057373046875 45
1709732877002 14.372928619384766 46
1709732877048 14.011066436767578 47
1709732877095 13.793872833251953 48
1709732877141 14.99298095703125 49
1709732877187 14.043558120727539 50
1709732877234 13.781291961669922 51
1709732877281 13.838046073913574 52
1709732877328 13.888202667236328 53
1709732877375 13.641658782958984 54
1709732877421 14.013101577758789 55
1709732877468 13.584088325500488 56
1709732877513 14.205767631530762 57
1709732877560 14.074118614196777 58
1709732877606 13.855900764465332 59
1709732877652 13.579819679260254 60
1709732877701 13.839554786682129 61
1709732877752 14.067378997802734 62
1709732877799 13.848426818847656 63
1709732877846 13.464832305908203 64
1709732877893 13.581019401550293 65
1709732877940 13.570527076721191 66
1709732877987 13.808267593383789 67
1709732878033 13.75841999053955 68
1709732878079 13.857734680175781 69
1709732878126 13.502115249633789 70
1709732878173 13.396108627319336 71
1709732878219 13.462299346923828 72
1709732878266 13.598867416381836 73
1709732878314 13.944465637207031 74
1709732878363 13.653751373291016 75
1709732878410 13.688694953918457 76
1709732878457 13.473991394042969 77
1709732878507 13.843328475952148 78
1709732878557 13.555002212524414 79
1709732878605 13.426365852355957 80
1709732878651 13.683948516845703 81
1709732878697 13.646578788757324 82
1709732878743 13.210636138916016 83
1709732878790 13.548567771911621 84
1709732878837 13.561602592468262 85
1709732878883 13.504714012145996 86
1709732878930 13.524399757385254 87
1709732878976 13.563776969909668 88
1709732879023 13.621171951293945 89
1709732879070 13.350722312927246 90
1709732879116 13.185368537902832 91
1709732879162 13.761412620544434 92
1709732879209 13.378552436828613 93
1709732879256 13.697949409484863 94
1709732879303 13.081559181213379 95
1709732879350 13.1904296875 96
1709732879397 13.081070899963379 97
1709732879443 13.218358993530273 98
1709732879490 13.413512229919434 99
1709732879537 13.098552703857422 100
1709732879584 13.569476127624512 101
1709732879631 13.191341400146484 102
1709732879678 13.149360656738281 103
1709732879726 13.17991828918457 104
1709732879773 13.182531356811523 105
1709732879821 12.889771461486816 106
1709732879867 13.780649185180664 107
1709732879914 13.374037742614746 108
1709732879961 13.2916841506958 109
1709732880010 12.890342712402344 110
1709732880086 13.582070350646973 111
1709732880142 12.958256721496582 112
1709732880189 13.328330039978027 113
1709732880236 13.097180366516113 114
1709732880283 13.098767280578613 115
1709732880331 13.356884956359863 116
1709732880378 13.415888786315918 117
1709732880427 13.222278594970703 118
1709732880475 13.015491485595703 119
