1709737666112 9997.4384765625 0
1709737666165 3153.718994140625 1
1709737666214 1568.0947265625 2
1709737666262 1445.3492431640625 3
1709737666309 1368.190185546875 4
1709737666355 1291.7799072265625 5
1709737666402 1234.71533203125 6
1709737666449 1185.756591796875 7
1709737666495 1131.20068359375 8
1709737666542 1098.4305419921875 9
1709737666588 1048.92724609375 10
1709737666634 1038.8800048828125 11
1709737666681 995.2940063476562 12
1709737666727 958.1646118164062 13
1709737666773 926.4017944335938 14
1709737666823 924.7974853515625 15
1709737666871 883.3571166992188 16
1709737666918 873.115966796875 17
1709737666966 842.5682983398438 18
1709737667013 854.701171875 19
1709737667060 820.670654296875 20
1709737667106 785.06494140625 21
1709737667153 761.5811767578125 22
1709737667199 750.4815673828125 23
1709737667245 736.1166381835938 24
1709737667291 713.4273681640625 25
1709737667338 684.4699096679688 26
1709737667386 681.996826171875 27
1709737667433 663.0567016601562 28
1709737667482 630.779052734375 29
1709737667529 612.13623046875 30
1709737667576 588.7364501953125 31
1709737667623 563.1092529296875 32
1709737667670 559.2420043945312 33
1709737667717 527.62060546875 34
1709737667763 498.56170654296875 35
1709737667809 503.167236328125 36
1709737667856 474.0545349121094 37
1709737667902 466.5304260253906 38
1709737667948 441.1657409667969 39
1709737667997 438.1507873535156 40
1709737668043 425.78436279296875 41
1709737668089 420.81640625 42
1709737668135 408.9210205078125 43
1709737668180 398.2568054199219 44
1709737668227 386.3485412597656 45
1709737668273 379.8838806152344 46
1709737668319 382.7909240722656 47
1709737668365 365.4759826660156 48
1709737668412 381.0376281738281 49
1709737668458 355.7701416015625 50
1709737668505 362.029296875 51
1709737668552 351.39813232421875 52
1709737668598 356.5906677246094 53
1709737668646 343.3200378417969 54
1709737668693 350.41668701171875 55
1709737668740 350.50958251953125 56
1709737668786 356.81500244140625 57
1709737668832 337.4268493652344 58
1709737668879 329.0439453125 59
1709737668925 346.019287109375 60
1709737668971 344.23321533203125 61
1709737669018 321.0770568847656 62
1709737669064 338.1721496582031 63
1709737669112 318.1534423828125 64
1709737669159 346.0760803222656 65
1709737669205 317.7118835449219 66
1709737669252 322.5391845703125 67
1709737669299 328.95269775390625 68
1709737669346 317.9671325683594 69
1709737669391 338.3863525390625 70
1709737669437 328.3192138671875 71
1709737669485 302.973876953125 72
1709737669531 322.5130615234375 73
1709737669578 316.879150390625 74
1709737669624 319.2173156738281 75
1709737669670 314.0356140136719 76
1709737669717 320.7120666503906 77
1709737669762 320.6507873535156 78
1709737669808 317.50555419921875 79
1709737669855 309.360107421875 80
1709737669901 318.4959716796875 81
1709737669947 331.1837158203125 82
1709737669995 317.45684814453125 83
1709737670042 344.8504638671875 84
1709737670088 309.923583984375 85
1709737670134 321.0144958496094 86
1709737670180 305.5994567871094 87
1709737670227 306.8769836425781 88
1709737670273 303.2572937011719 89
1709737670319 310.03192138671875 90
1709737670366 322.49029541015625 91
1709737670414 307.5235595703125 92
1709737670462 312.16363525390625 93
1709737670510 308.39300537109375 94
1709737670557 292.7497863769531 95
1709737670604 302.4634094238281 96
1709737670650 302.9416809082031 97
1709737670696 322.3526306152344 98
1709737670743 302.1869812011719 99
1709737670790 306.52227783203125 100
1709737670837 316.5293884277344 101
1709737670884 309.94708251953125 102
1709737670931 309.82696533203125 103
1709737670978 310.7310791015625 104
1709737671025 310.2540588378906 105
1709737671072 313.218017578125 106
1709737671119 307.41522216796875 107
1709737671165 302.5331115722656 108
1709737671212 312.66046142578125 109
1709737671258 301.7645568847656 110
1709737671305 299.6970520019531 111
1709737671352 300.853515625 112
1709737671399 302.61004638671875 113
1709737671445 300.3157958984375 114
1709737671491 303.4512939453125 115
1709737671538 300.2884826660156 116
1709737671585 296.4945068359375 117
1709737671632 293.8930358886719 118
1709737671678 301.524169921875 119
