1709737666112 90.28837585449219 0
1709737666165 47.534915924072266 1
1709737666214 32.243282318115234 2
1709737666262 30.914525985717773 3
1709737666309 29.995075225830078 4
1709737666355 29.18415069580078 5
1709737666402 29.322656631469727 6
1709737666449 28.19504165649414 7
1709737666495 27.388944625854492 8
1709737666542 27.392724990844727 9
1709737666588 26.956735610961914 10
1709737666634 26.778226852416992 11
1709737666681 25.943645477294922 12
1709737666727 25.648386001586914 13
1709737666773 25.20968246459961 14
1709737666823 25.288803100585938 15
1709737666871 24.583040237426758 16
1709737666918 24.238018035888672 17
1709737666966 23.87186050415039 18
1709737667013 23.991065979003906 19
1709737667060 23.5664119720459 20
1709737667106 23.024736404418945 21
1709737667153 22.579635620117188 22
1709737667199 22.453271865844727 23
1709737667245 22.038818359375 24
1709737667291 22.00830078125 25
1709737667338 21.343181610107422 26
1709737667386 21.069168090820312 27
1709737667433 21.184606552124023 28
1709737667482 20.490449905395508 29
1709737667529 20.05076789855957 30
1709737667576 20.252233505249023 31
1709737667623 19.260957717895508 32
1709737667670 18.986553192138672 33
1709737667717 18.910964965820312 34
1709737667763 18.047441482543945 35
1709737667809 18.45580291748047 36
1709737667856 17.643468856811523 37
1709737667902 17.433761596679688 38
1709737667948 16.75191879272461 39
1709737667997 17.01629066467285 40
1709737668043 16.31558609008789 41
1709737668089 16.64049530029297 42
1709737668135 16.112926483154297 43
1709737668180 15.939957618713379 44
1709737668227 15.715252876281738 45
1709737668273 15.67177963256836 46
1709737668319 15.44249153137207 47
1709737668365 15.1404390335083 48
1709737668412 15.577733039855957 49
1709737668458 14.942305564880371 50
1709737668505 15.057867050170898 51
1709737668552 14.839591026306152 52
1709737668598 15.155669212341309 53
1709737668646 14.820047378540039 54
1709737668693 14.840522766113281 55
1709737668740 15.069226264953613 56
1709737668786 14.722513198852539 57
1709737668832 14.688182830810547 58
1709737668879 14.420804023742676 59
1709737668925 14.789615631103516 60
1709737668971 14.583993911743164 61
1709737669018 14.020329475402832 62
1709737669064 14.154396057128906 63
1709737669112 14.036642074584961 64
1709737669159 14.3864164352417 65
1709737669205 14.005514144897461 66
1709737669252 14.2887544631958 67
1709737669299 14.269903182983398 68
1709737669346 13.843761444091797 69
1709737669391 14.309035301208496 70
1709737669437 14.071367263793945 71
1709737669485 13.525346755981445 72
1709737669531 14.083060264587402 73
1709737669578 13.826761245727539 74
1709737669624 13.777782440185547 75
1709737669670 14.124201774597168 76
1709737669717 14.082304954528809 77
1709737669762 14.152928352355957 78
1709737669808 13.95477294921875 79
1709737669855 13.721532821655273 80
1709737669901 13.950058937072754 81
1709737669947 14.331223487854004 82
1709737669995 13.914508819580078 83
1709737670042 14.475611686706543 84
1709737670088 13.980834007263184 85
1709737670134 14.069694519042969 86
1709737670180 13.933874130249023 87
1709737670227 13.706043243408203 88
1709737670273 13.543497085571289 89
1709737670319 13.672565460205078 90
1709737670366 14.128514289855957 91
1709737670414 13.820839881896973 92
1709737670462 14.057624816894531 93
1709737670510 13.769952774047852 94
1709737670557 13.790907859802246 95
1709737670604 13.621573448181152 96
1709737670650 13.353948593139648 97
1709737670696 13.880184173583984 98
1709737670743 13.577095031738281 99
1709737670790 13.888466835021973 100
1709737670837 14.264179229736328 101
1709737670884 13.644844055175781 102
1709737670931 13.731722831726074 103
1709737670978 13.70850944519043 104
1709737671025 13.697281837463379 105
1709737671072 13.512192726135254 106
1709737671119 13.649709701538086 107
1709737671165 13.564970970153809 108
1709737671212 13.925139427185059 109
1709737671258 13.413544654846191 110
1709737671305 13.433367729187012 111
1709737671352 13.373958587646484 112
1709737671399 13.796838760375977 113
1709737671445 13.618751525878906 114
1709737671491 13.754090309143066 115
1709737671538 13.341042518615723 116
1709737671585 13.603612899780273 117
1709737671632 13.63133430480957 118
1709737671678 13.478060722351074 119
