1709738030060 10803.94140625 0
1709738030114 3515.5302734375 1
1709738030164 1509.60791015625 2
1709738030214 1451.9002685546875 3
1709738030265 1363.5150146484375 4
1709738030317 1320.9737548828125 5
1709738030368 1258.82177734375 6
1709738030418 1215.380615234375 7
1709738030468 1179.557861328125 8
1709738030517 1125.6304931640625 9
1709738030567 1086.6719970703125 10
1709738030616 1062.0067138671875 11
1709738030665 1024.610107421875 12
1709738030716 990.6896362304688 13
1709738030767 966.4286499023438 14
1709738030819 931.2581176757812 15
1709738030868 910.9454956054688 16
1709738030917 876.2984619140625 17
1709738030967 871.0120849609375 18
1709738031017 840.69970703125 19
1709738031067 782.3574829101562 20
1709738031117 791.8329467773438 21
1709738031169 741.9512329101562 22
1709738031219 742.6369018554688 23
1709738031269 703.4205322265625 24
1709738031319 681.0607299804688 25
1709738031369 659.90087890625 26
1709738031418 632.8906860351562 27
1709738031467 612.0274658203125 28
1709738031517 585.4636840820312 29
1709738031566 558.0160522460938 30
1709738031615 531.4586181640625 31
1709738031665 522.189697265625 32
1709738031714 492.5679016113281 33
1709738031762 466.3653259277344 34
1709738031812 443.1806335449219 35
1709738031861 461.9884033203125 36
1709738031911 429.569580078125 37
1709738031961 413.104736328125 38
1709738032010 388.3617858886719 39
1709738032059 378.8748779296875 40
1709738032109 385.63201904296875 41
1709738032158 369.49468994140625 42
1709738032208 364.6528015136719 43
1709738032257 358.05389404296875 44
1709738032309 362.7524108886719 45
1709738032359 346.80535888671875 46
1709738032409 349.923828125 47
1709738032458 339.72979736328125 48
1709738032507 333.4580383300781 49
1709738032556 351.8116149902344 50
1709738032605 333.16729736328125 51
1709738032655 319.9986267089844 52
1709738032704 344.0018310546875 53
1709738032753 332.0738525390625 54
1709738032804 320.6576843261719 55
1709738032853 329.4731140136719 56
1709738032903 329.6950378417969 57
1709738032952 333.47479248046875 58
1709738033002 331.7174072265625 59
1709738033052 333.65472412109375 60
1709738033102 312.296875 61
1709738033151 330.29296875 62
1709738033201 317.0509033203125 63
1709738033250 320.5211181640625 64
1709738033300 318.3744201660156 65
1709738033351 317.4295349121094 66
1709738033401 336.2076110839844 67
1709738033450 311.7271423339844 68
1709738033499 309.7844543457031 69
1709738033549 319.3634948730469 70
1709738033600 317.9830017089844 71
1709738033650 332.7010803222656 72
1709738033699 327.2375793457031 73
1709738033749 307.815185546875 74
1709738033799 313.1914367675781 75
1709738033849 316.16192626953125 76
1709738033898 295.6840515136719 77
1709738033947 320.4219055175781 78
1709738033996 308.79754638671875 79
1709738034046 321.1966857910156 80
1709738034095 308.6216125488281 81
1709738034145 307.63348388671875 82
1709738034195 313.7519836425781 83
1709738034245 315.3978271484375 84
1709738034296 315.9151306152344 85
1709738034346 312.0176696777344 86
1709738034396 310.2286071777344 87
1709738034446 305.64044189453125 88
1709738034495 303.71343994140625 89
1709738034545 303.26177978515625 90
1709738034594 293.8492431640625 91
1709738034644 304.7418212890625 92
1709738034694 317.32421875 93
1709738034743 303.46051025390625 94
1709738034793 304.2626037597656 95
1709738034843 297.0896911621094 96
1709738034893 303.0770263671875 97
1709738034944 300.9140930175781 98
1709738034993 295.0750732421875 99
1709738035043 301.4855651855469 100
1709738035093 295.43817138671875 101
1709738035142 300.52532958984375 102
1709738035192 296.0002136230469 103
1709738035242 305.4293212890625 104
1709738035294 290.14202880859375 105
1709738035349 296.0783996582031 106
1709738035402 287.77947998046875 107
1709738035452 290.64849853515625 108
1709738035502 297.34442138671875 109
1709738035552 298.0721435546875 110
1709738035602 304.935546875 111
1709738035651 301.020263671875 112
1709738035702 299.87664794921875 113
1709738035751 294.9770202636719 114
1709738035802 303.4309387207031 115
1709738035853 306.33270263671875 116
1709738035903 301.9791259765625 117
1709738035953 300.9908447265625 118
1709738036003 286.4825134277344 119
