1709738030060 94.61810302734375 0
1709738030114 50.073448181152344 1
1709738030164 31.231735229492188 2
1709738030214 30.817943572998047 3
1709738030265 30.023761749267578 4
1709738030317 29.632383346557617 5
1709738030368 28.850297927856445 6
1709738030418 28.51166343688965 7
1709738030468 28.202299118041992 8
1709738030517 27.491830825805664 9
1709738030567 26.88304901123047 10
1709738030616 26.691564559936523 11
1709738030665 26.3404598236084 12
1709738030716 25.96975326538086 13
1709738030767 25.689790725708008 14
1709738030819 25.522628784179688 15
1709738030868 25.038169860839844 16
1709738030917 24.556015014648438 17
1709738030967 24.53000259399414 18
1709738031017 23.826513290405273 19
1709738031067 23.055028915405273 20
1709738031117 23.253225326538086 21
1709738031169 22.318960189819336 22
1709738031219 22.595781326293945 23
1709738031269 21.741046905517578 24
1709738031319 21.269359588623047 25
1709738031369 20.931833267211914 26
1709738031418 20.581369400024414 27
1709738031467 20.301151275634766 28
1709738031517 19.862512588500977 29
1709738031566 19.261795043945312 30
1709738031615 18.7073974609375 31
1709738031665 18.358322143554688 32
1709738031714 17.67718505859375 33
1709738031762 17.485074996948242 34
1709738031812 16.75615882873535 35
1709738031861 17.198745727539062 36
1709738031911 16.323949813842773 37
1709738031961 16.100496292114258 38
1709738032010 15.347309112548828 39
1709738032059 15.752894401550293 40
1709738032109 15.599199295043945 41
1709738032158 15.206523895263672 42
1709738032208 15.122349739074707 43
1709738032257 14.961804389953613 44
1709738032309 15.024097442626953 45
1709738032359 14.60335922241211 46
1709738032409 14.790762901306152 47
1709738032458 14.219691276550293 48
1709738032507 14.275252342224121 49
1709738032556 14.456664085388184 50
1709738032605 14.069524765014648 51
1709738032655 14.244942665100098 52
1709738032704 14.474407196044922 53
1709738032753 14.113846778869629 54
1709738032804 13.976493835449219 55
1709738032853 14.205181121826172 56
1709738032903 14.188678741455078 57
1709738032952 14.199850082397461 58
1709738033002 14.52940559387207 59
1709738033052 14.426165580749512 60
1709738033102 13.780867576599121 61
1709738033151 14.102897644042969 62
1709738033201 13.550586700439453 63
1709738033250 13.875110626220703 64
1709738033300 13.80990219116211 65
1709738033351 13.726462364196777 66
1709738033401 14.351792335510254 67
1709738033450 13.649033546447754 68
1709738033499 13.755221366882324 69
1709738033549 14.053244590759277 70
1709738033600 13.769371032714844 71
1709738033650 14.158228874206543 72
1709738033699 14.085103988647461 73
1709738033749 13.713282585144043 74
1709738033799 13.778916358947754 75
1709738033849 13.811589241027832 76
1709738033898 13.272497177124023 77
1709738033947 13.892557144165039 78
1709738033996 13.591012954711914 79
1709738034046 13.884800910949707 80
1709738034095 13.745321273803711 81
1709738034145 13.637287139892578 82
1709738034195 13.71789836883545 83
1709738034245 13.823430061340332 84
1709738034296 13.890473365783691 85
1709738034346 13.676335334777832 86
1709738034396 13.744972229003906 87
1709738034446 13.678677558898926 88
1709738034495 13.486132621765137 89
1709738034545 13.842277526855469 90
1709738034594 13.548903465270996 91
1709738034644 13.418065071105957 92
1709738034694 14.08874797821045 93
1709738034743 13.522448539733887 94
1709738034793 13.324601173400879 95
1709738034843 13.426321983337402 96
1709738034893 13.226645469665527 97
1709738034944 13.377520561218262 98
1709738034993 13.269871711730957 99
1709738035043 13.441400527954102 100
1709738035093 13.37484359741211 101
1709738035142 13.434706687927246 102
1709738035192 13.284897804260254 103
1709738035242 13.469693183898926 104
1709738035294 13.283802032470703 105
1709738035349 13.385419845581055 106
1709738035402 13.088057518005371 107
1709738035452 13.485495567321777 108
1709738035502 13.492749214172363 109
1709738035552 13.472251892089844 110
1709738035602 13.667109489440918 111
1709738035651 13.408459663391113 112
1709738035702 13.323284149169922 113
1709738035751 13.443551063537598 114
1709738035802 13.82384967803955 115
1709738035853 13.823071479797363 116
1709738035903 13.573803901672363 117
1709738035953 13.357608795166016 118
1709738036003 12.865462303161621 119
