1710187374446 9852.0380859375 0
1710187374504 2258.78662109375 1
1710187374558 2054.6240234375 2
1710187374611 2152.712890625 3
1710187374664 1755.36279296875 4
1710187374718 1804.164794921875 5
1710187374773 1935.08544921875 6
1710187374826 1733.6295166015625 7
1710187374878 2049.691650390625 8
1710187374932 1590.708740234375 9
1710187374985 1665.781982421875 10
1710187375040 1690.4998779296875 11
1710187375092 1820.3109130859375 12
1710187375146 1415.1678466796875 13
1710187375198 1666.330322265625 14
1710187375252 1422.3533935546875 15
1710187375305 1377.6038818359375 16
1710187375358 1353.8851318359375 17
1710187375410 1915.6912841796875 18
1710187375462 1650.9814453125 19
1710187375514 1426.9566650390625 20
1710187375566 1259.30908203125 21
1710187375618 1160.3333740234375 22
1710187375671 1319.78857421875 23
1710187375723 1241.3382568359375 24
1710187375776 1171.45751953125 25
1710187375828 1074.530029296875 26
1710187375881 993.60400390625 27
1710187375934 1068.8656005859375 28
1710187375986 1023.9442749023438 29
1710187376038 1410.92578125 30
1710187376090 947.697998046875 31
1710187376143 1037.9736328125 32
1710187376194 1011.8626708984375 33
1710187376247 832.277587890625 34
1710187376300 895.6174926757812 35
1710187376353 943.1800537109375 36
1710187376405 840.098388671875 37
1710187376458 887.2491455078125 38
1710187376511 722.0138549804688 39
1710187376563 731.3010864257812 40
1710187376615 844.8948364257812 41
1710187376668 738.1637573242188 42
1710187376720 817.4921264648438 43
1710187376774 657.7567749023438 44
1710187376826 700.3805541992188 45
1710187376882 777.0708618164062 46
1710187376939 656.9612426757812 47
1710187376994 609.7095336914062 48
1710187377050 687.383544921875 49
1710187377107 581.331787109375 50
1710187377163 527.2862548828125 51
1710187377218 524.695556640625 52
1710187377274 741.9533081054688 53
1710187377328 514.4067993164062 54
1710187377381 566.9200439453125 55
1710187377436 613.1021728515625 56
1710187377490 604.8128662109375 57
1710187377542 564.171142578125 58
1710187377595 464.2679443359375 59
1710187377648 561.1724853515625 60
1710187377700 397.9747619628906 61
1710187377753 535.9441528320312 62
1710187377806 504.44140625 63
1710187377866 403.8049621582031 64
1710187377920 543.5238647460938 65
1710187377974 448.80682373046875 66
1710187378032 402.02227783203125 67
1710187378093 424.6944885253906 68
1710187378149 419.7373962402344 69
1710187378204 665.797607421875 70
1710187378257 642.7891235351562 71
1710187378311 407.109375 72
1710187378365 504.0215148925781 73
1710187378418 501.4018249511719 74
1710187378470 659.6322021484375 75
1710187378522 403.9143371582031 76
1710187378574 377.910400390625 77
1710187378627 333.64410400390625 78
1710187378683 407.77276611328125 79
