1710187374446 69.9422836303711 0
1710187374504 38.74028396606445 1
1710187374558 35.901309967041016 2
1710187374611 37.263614654541016 3
1710187374664 33.88459396362305 4
1710187374718 34.494224548339844 5
1710187374773 35.10920333862305 6
1710187374826 32.76156997680664 7
1710187374878 35.64897537231445 8
1710187374932 31.929428100585938 9
1710187374985 32.142234802246094 10
1710187375040 32.753082275390625 11
1710187375092 36.1865119934082 12
1710187375146 30.37578773498535 13
1710187375198 33.101219177246094 14
1710187375252 30.709156036376953 15
1710187375305 30.303390502929688 16
1710187375358 28.7895450592041 17
1710187375410 35.597862243652344 18
1710187375462 31.606605529785156 19
1710187375514 29.680774688720703 20
1710187375566 28.881147384643555 21
1710187375618 27.700048446655273 22
1710187375671 29.223722457885742 23
1710187375723 28.3439884185791 24
1710187375776 27.93597412109375 25
1710187375828 26.70028305053711 26
1710187375881 25.726835250854492 27
1710187375934 26.98102569580078 28
1710187375986 26.183412551879883 29
1710187376038 31.009841918945312 30
1710187376090 24.723413467407227 31
1710187376143 26.674264907836914 32
1710187376194 26.169294357299805 33
1710187376247 23.789152145385742 34
1710187376300 24.58155059814453 35
1710187376353 24.49813461303711 36
1710187376405 24.25271987915039 37
1710187376458 23.91535186767578 38
1710187376511 21.866443634033203 39
1710187376563 22.473594665527344 40
1710187376615 23.413698196411133 41
1710187376668 22.706199645996094 42
1710187376720 23.48455810546875 43
1710187376774 20.680456161499023 44
1710187376826 22.506149291992188 45
1710187376882 22.929214477539062 46
1710187376939 20.183082580566406 47
1710187376994 20.627756118774414 48
1710187377050 21.36507797241211 49
1710187377107 19.593290328979492 50
1710187377163 18.383832931518555 51
1710187377218 18.3267765045166 52
1710187377274 21.652332305908203 53
1710187377328 18.9118595123291 54
1710187377381 19.240129470825195 55
1710187377436 20.329471588134766 56
1710187377490 19.761621475219727 57
1710187377542 18.918014526367188 58
1710187377595 17.55449676513672 59
1710187377648 19.743839263916016 60
1710187377700 16.254100799560547 61
1710187377753 18.7036190032959 62
1710187377806 17.1325626373291 63
1710187377866 16.47442054748535 64
1710187377920 18.55992889404297 65
1710187377974 17.226499557495117 66
1710187378032 15.84896469116211 67
1710187378093 16.35112953186035 68
1710187378149 16.696321487426758 69
1710187378204 20.021940231323242 70
1710187378257 20.07797622680664 71
1710187378311 16.064889907836914 72
1710187378365 17.861122131347656 73
1710187378418 17.26688003540039 74
1710187378470 20.6385498046875 75
1710187378522 16.029117584228516 76
1710187378574 15.470519065856934 77
1710187378627 14.778438568115234 78
1710187378683 15.585552215576172 79
