1710187188668 8265.8828125 0
1710187188688 5349.9716796875 1
1710187188703 4345.24658203125 2
1710187188723 2267.551513671875 3
1710187188738 2951.304931640625 4
1710187188754 2545.404541015625 5
1710187188773 2204.72412109375 6
1710187188789 2580.8974609375 7
1710187188808 2235.448486328125 8
1710187188830 2104.03662109375 9
1710187188850 2208.446044921875 10
1710187188866 2042.44287109375 11
1710187188884 2060.302734375 12
1710187188899 2022.4854736328125 13
1710187188915 1998.252197265625 14
1710187188939 1989.0902099609375 15
1710187188954 1989.20654296875 16
1710187188971 1999.0654296875 17
1710187188987 1965.51171875 18
1710187189013 2009.9876708984375 19
1710187189027 1948.5439453125 20
1710187189043 1967.9354248046875 21
1710187189057 1963.5439453125 22
1710187189077 2099.110107421875 23
1710187189092 2023.1873779296875 24
1710187189106 1954.86572265625 25
1710187189125 1923.278564453125 26
1710187189140 2158.93310546875 27
1710187189154 2001.314697265625 28
1710187189173 1918.49072265625 29
1710187189187 1926.7874755859375 30
1710187189203 1883.4228515625 31
1710187189221 2003.588623046875 32
1710187189235 1946.2490234375 33
1710187189253 1916.805908203125 34
1710187189267 1896.3084716796875 35
1710187189281 1923.8206787109375 36
1710187189298 1841.094482421875 37
1710187189312 2079.7958984375 38
1710187189331 1881.9847412109375 39
1710187189344 2017.546875 40
1710187189359 1918.603759765625 41
1710187189377 2024.8912353515625 42
1710187189391 1877.8199462890625 43
1710187189404 2058.993408203125 44
1710187189422 1877.5484619140625 45
1710187189436 1896.7974853515625 46
1710187189450 1839.88916015625 47
1710187189467 1896.4000244140625 48
1710187189481 1859.09326171875 49
