1710187188668 63.716304779052734 0
1710187188688 61.950103759765625 1
1710187188703 54.33687973022461 2
1710187188723 39.59925842285156 3
1710187188738 44.317039489746094 4
1710187188754 41.480525970458984 5
1710187188773 37.879722595214844 6
1710187188789 40.8565673828125 7
1710187188808 37.41108703613281 8
1710187188830 37.379364013671875 9
1710187188850 38.34520721435547 10
1710187188866 36.820953369140625 11
1710187188884 36.3470458984375 12
1710187188899 36.51582336425781 13
1710187188915 36.317222595214844 14
1710187188939 35.88663864135742 15
1710187188954 36.00093078613281 16
1710187188971 36.590728759765625 17
1710187188987 35.770870208740234 18
1710187189013 35.633785247802734 19
1710187189027 35.567115783691406 20
1710187189043 36.133338928222656 21
1710187189057 36.42726516723633 22
1710187189077 37.6348762512207 23
1710187189092 37.12862777709961 24
1710187189106 35.74452590942383 25
1710187189125 35.578224182128906 26
1710187189140 38.34370040893555 27
1710187189154 36.40349578857422 28
1710187189173 34.82355880737305 29
1710187189187 34.715431213378906 30
1710187189203 35.040096282958984 31
1710187189221 36.6854133605957 32
1710187189235 36.15584945678711 33
1710187189253 34.86427688598633 34
1710187189267 35.488914489746094 35
1710187189281 35.81068420410156 36
1710187189298 34.887733459472656 37
1710187189312 35.70252990722656 38
1710187189331 34.606163024902344 39
1710187189344 37.197975158691406 40
1710187189359 35.71284484863281 41
1710187189377 35.092403411865234 42
1710187189391 35.27836608886719 43
1710187189404 37.30682373046875 44
1710187189422 35.16376495361328 45
1710187189436 34.70315933227539 46
1710187189450 35.1569938659668 47
1710187189467 35.558616638183594 48
1710187189481 35.01020431518555 49
