1710188286211 14595.7412109375 0
1710188286230 14285.54296875 1
1710188286245 13874.36328125 2
1710188286264 13240.7412109375 3
1710188286278 12481.6376953125 4
1710188286294 11324.111328125 5
1710188286313 9860.283203125 6
1710188286328 8334.8115234375 7
1710188286346 6294.8798828125 8
1710188286361 4207.77392578125 9
1710188286380 2398.956787109375 10
1710188286395 1170.11572265625 11
1710188286413 812.0999755859375 12
1710188286427 982.9771728515625 13
1710188286445 1071.9283447265625 14
1710188286460 846.4656982421875 15
1710188286474 548.5732421875 16
1710188286494 410.512939453125 17
1710188286509 571.378173828125 18
1710188286527 475.3874206542969 19
1710188286541 438.9126281738281 20
1710188286556 445.3641662597656 21
1710188286574 455.3431701660156 22
1710188286588 403.71038818359375 23
1710188286601 368.3925476074219 24
1710188286620 336.2880859375 25
1710188286633 411.2608337402344 26
1710188286647 350.2996826171875 27
1710188286666 346.6582336425781 28
1710188289376 571.378173828125 29
