1710188286211 113.78905487060547 0
1710188286230 112.44524383544922 1
1710188286245 110.67605590820312 2
1710188286264 108.01730346679688 3
1710188286278 104.67808532714844 4
1710188286294 99.37162780761719 5
1710188286313 92.45765686035156 6
1710188286328 84.5456771850586 7
1710188286346 72.47279357910156 8
1710188286361 57.309532165527344 9
1710188286380 41.621612548828125 10
1710188286395 27.927902221679688 11
1710188286413 22.821063995361328 12
1710188286427 24.594165802001953 13
1710188286445 25.768760681152344 14
1710188286460 23.229816436767578 15
1710188286474 18.35834312438965 16
1710188286494 16.339752197265625 17
1710188286509 19.498943328857422 18
1710188286527 17.571367263793945 19
1710188286541 16.51075553894043 20
1710188286556 16.794546127319336 21
1710188286574 16.187166213989258 22
1710188286588 15.051321983337402 23
1710188286601 15.051523208618164 24
1710188286620 14.549334526062012 25
1710188286633 16.488527297973633 26
1710188286647 15.003127098083496 27
1710188286666 14.468191146850586 28
1710188289376 19.498943328857422 29
