1710187844140 14570.80859375 0
1710187844160 14504.677734375 1
1710187844175 14430.7021484375 2
1710187844190 14368.7001953125 3
1710187844209 14281.0595703125 4
1710187844225 14223.517578125 5
1710187844243 14118.0263671875 6
1710187844258 14021.8359375 7
1710187844278 13929.5126953125 8
1710187844293 13820.25390625 9
1710187844311 13623.1416015625 10
1710187844325 13478.0927734375 11
1710187844340 13318.763671875 12
1710187844359 13121.169921875 13
1710187844374 12899.3447265625 14
1710187844392 12677.9013671875 15
1710187844407 12443.763671875 16
1710187844425 12155.27734375 17
1710187844440 11847.76171875 18
1710187844454 11536.4638671875 19
1710187844473 11178.83984375 20
1710187844487 10755.6025390625 21
1710187844502 10310.6025390625 22
1710187844520 9875.796875 23
1710187844534 9462.4453125 24
1710187844552 8893.0556640625 25
1710187844567 8471.9560546875 26
1710187844585 7755.63623046875 27
1710187844599 7296.5244140625 28
1710187844613 6674.48046875 29
1710187844632 6065.14453125 30
1710187844647 5560.60302734375 31
1710187844664 5066.02490234375 32
1710187844683 4549.31787109375 33
1710187844697 3824.861328125 34
1710187844714 3381.51025390625 35
1710187844729 3043.8720703125 36
1710187844743 2493.011474609375 37
1710187844762 2158.594970703125 38
1710187844777 1773.0194091796875 39
1710187844791 1478.3336181640625 40
1710187844809 1168.1212158203125 41
1710187844824 893.4127197265625 42
1710187844842 798.5033569335938 43
1710187844857 748.0264282226562 44
1710187844875 573.4290161132812 45
1710187844889 539.0904541015625 46
1710187844903 513.5796508789062 47
1710187844921 488.1759033203125 48
1710187844935 483.3487243652344 49
1710187844949 455.5457458496094 50
1710187844967 442.37420654296875 51
1710187844981 410.114013671875 52
1710187844999 411.0750427246094 53
1710187845013 392.1983642578125 54
1710187845027 407.2252197265625 55
1710187845046 405.386474609375 56
1710187845060 378.4062805175781 57
1710187845079 493.9387512207031 58
1710187845093 337.4855041503906 59
1710187845107 340.9555969238281 60
1710187845125 387.654296875 61
1710187845140 306.0115966796875 62
1710187845157 360.8260498046875 63
1710187845172 331.1636047363281 64
1710187845191 326.02178955078125 65
1710187845206 329.75128173828125 66
1710187845219 342.5037536621094 67
1710187845237 376.104248046875 68
1710187845251 321.8774719238281 69
1710187845265 360.6055908203125 70
1710187845282 340.911376953125 71
1710187845296 276.2104797363281 72
1710187845313 328.10858154296875 73
1710187845327 275.239990234375 74
1710187845341 316.65496826171875 75
1710187845359 329.8028564453125 76
1710187845373 282.76971435546875 77
1710187845390 259.9037780761719 78
1710187845405 327.9164123535156 79
1710187848031 321.8774719238281 80
