1710187844140 113.58356475830078 0
1710187844160 113.291259765625 1
1710187844175 112.981689453125 2
1710187844190 112.71281433105469 3
1710187844209 112.3169937133789 4
1710187844225 112.05186462402344 5
1710187844243 111.61221313476562 6
1710187844258 111.17144775390625 7
1710187844278 110.75362396240234 8
1710187844293 110.25474548339844 9
1710187844311 109.45773315429688 10
1710187844325 108.8288803100586 11
1710187844340 108.09748077392578 12
1710187844359 107.23297882080078 13
1710187844374 106.22614288330078 14
1710187844392 105.28607177734375 15
1710187844407 104.1653823852539 16
1710187844425 102.8226547241211 17
1710187844440 101.29235076904297 18
1710187844454 100.025390625 19
1710187844473 98.27157592773438 20
1710187844487 96.1970443725586 21
1710187844502 93.97076416015625 22
1710187844520 91.73260498046875 23
1710187844534 89.6443862915039 24
1710187844552 86.75204467773438 25
1710187844567 84.33772277832031 26
1710187844585 80.44146728515625 27
1710187844599 77.76553344726562 28
1710187844613 73.70088195800781 29
1710187844632 70.05160522460938 30
1710187844647 66.77133178710938 31
1710187844664 63.57664108276367 32
1710187844683 59.72551345825195 33
1710187844697 54.556480407714844 34
1710187844714 51.156986236572266 35
1710187844729 47.91700744628906 36
1710187844743 43.087608337402344 37
1710187844762 39.338294982910156 38
1710187844777 35.4946403503418 39
1710187844791 32.05179977416992 40
1710187844809 28.656293869018555 41
1710187844824 24.850566864013672 42
1710187844842 23.8242130279541 43
1710187844857 22.692333221435547 44
1710187844875 20.090129852294922 45
1710187844889 18.911846160888672 46
1710187844903 18.999008178710938 47
1710187844921 18.39484405517578 48
1710187844935 17.52182960510254 49
1710187844949 17.598861694335938 50
1710187844967 16.323104858398438 51
1710187844981 16.2700252532959 52
1710187844999 16.257078170776367 53
1710187845013 15.94195556640625 54
1710187845027 16.589038848876953 55
1710187845046 15.719440460205078 56
1710187845060 15.462289810180664 57
1710187845079 17.826406478881836 58
1710187845093 14.688272476196289 59
1710187845107 14.798226356506348 60
1710187845125 15.05821418762207 61
1710187845140 13.987238883972168 62
1710187845157 14.878931045532227 63
1710187845172 14.90937614440918 64
1710187845191 14.414628982543945 65
1710187845206 14.776137351989746 66
1710187845219 14.431512832641602 67
1710187845237 15.093866348266602 68
1710187845251 13.729586601257324 69
1710187845265 14.956901550292969 70
1710187845282 14.281815528869629 71
1710187845296 12.991071701049805 72
1710187845313 14.093823432922363 73
1710187845327 12.99342155456543 74
1710187845341 13.85484504699707 75
1710187845359 14.364538192749023 76
1710187845373 13.387927055358887 77
1710187845390 12.304547309875488 78
1710187845405 13.446978569030762 79
1710187848031 13.729586601257324 80
