1710188520721 14494.86328125 0
1710188520776 12275.474609375 1
1710188520830 4645.8642578125 2
1710188520885 680.539794921875 3
1710188520939 482.5853271484375 4
1710188520993 424.30535888671875 5
1710188521047 334.1269226074219 6
1710188521099 352.635986328125 7
1710188521151 301.3222961425781 8
1710188521203 272.0576171875 9
1710188521256 320.1262512207031 10
1710188521308 319.2275085449219 11
1710188521362 272.8080139160156 12
1710188521415 289.791748046875 13
1710188521466 274.81231689453125 14
1710188521518 292.9776916503906 15
1710188521571 285.3891296386719 16
1710188524487 334.1269226074219 17
