1710188520721 113.27085876464844 0
1710188520776 103.19981384277344 1
1710188520830 58.172889709472656 2
1710188520885 21.222936630249023 3
1710188520939 17.755517959594727 4
1710188520993 16.173768997192383 5
1710188521047 14.147479057312012 6
1710188521099 14.81037712097168 7
1710188521151 14.421392440795898 8
1710188521203 12.940332412719727 9
1710188521256 13.651023864746094 10
1710188521308 13.77769660949707 11
1710188521362 13.004908561706543 12
1710188521415 13.96058464050293 13
1710188521466 12.645834922790527 14
1710188521518 13.069740295410156 15
1710188521571 12.738062858581543 16
1710188524487 14.147479057312012 17
