1710187151752 3533.35791015625 0
1710187151810 2487.166015625 1
1710187151866 2812.125732421875 2
1710187151924 2327.285400390625 3
1710187151981 2479.052490234375 4
1710187152038 2095.128662109375 5
1710187152094 2144.438232421875 6
1710187152150 2167.25 7
1710187152204 2254.70849609375 8
1710187152258 2463.75 9
1710187152313 2122.805908203125 10
1710187152366 2306.709228515625 11
1710187152422 1844.8631591796875 12
1710187152476 1817.8275146484375 13
1710187152532 1987.37890625 14
1710187152588 1807.5770263671875 15
1710187152647 1660.564208984375 16
1710187152702 1773.8983154296875 17
1710187152756 1789.5289306640625 18
1710187152812 1703.7086181640625 19
1710187152866 1580.99951171875 20
1710187152924 1657.0726318359375 21
1710187152981 1503.216064453125 22
1710187153038 1591.1668701171875 23
1710187153094 1733.4892578125 24
1710187153150 1471.79931640625 25
1710187153206 1552.1767578125 26
1710187153261 1554.7376708984375 27
1710187153316 1738.97265625 28
1710187153374 1587.2030029296875 29
1710187153430 1190.4437255859375 30
1710187153484 1360.81494140625 31
1710187153539 1139.9654541015625 32
1710187153594 1213.4560546875 33
1710187153649 1126.2431640625 34
1710187153705 1206.1602783203125 35
1710187153760 1359.0457763671875 36
1710187153814 946.7095947265625 37
1710187153870 987.4375610351562 38
1710187153932 943.8510131835938 39
1710187153989 1058.1563720703125 40
1710187154045 1186.7374267578125 41
1710187154101 770.6596069335938 42
1710187154155 832.5616455078125 43
1710187154211 782.2990112304688 44
1710187154265 688.4932250976562 45
1710187154320 737.0045166015625 46
1710187154376 722.4938354492188 47
1710187154433 663.7408447265625 48
1710187154488 600.6511840820312 49
1710187154543 592.2950439453125 50
1710187154599 611.8973999023438 51
1710187154654 727.504150390625 52
1710187154709 1212.248291015625 53
1710187154764 817.7344360351562 54
1710187154818 517.2274169921875 55
1710187154873 678.4099731445312 56
1710187154931 494.2247009277344 57
1710187154995 590.169921875 58
1710187155061 531.1856079101562 59
1710187155119 450.7964782714844 60
1710187155177 452.2868347167969 61
1710187155236 706.501220703125 62
1710187155295 575.9639282226562 63
1710187155356 466.3994445800781 64
1710187155415 506.6128845214844 65
1710187155476 665.3763427734375 66
1710187155543 482.49163818359375 67
1710187155603 588.7185668945312 68
1710187155660 416.9964904785156 69
1710187155719 578.3915405273438 70
1710187155777 504.3133239746094 71
1710187155835 631.2911376953125 72
1710187155891 454.9271240234375 73
1710187155949 437.6332092285156 74
1710187156006 528.3847045898438 75
1710187156064 514.137451171875 76
1710187156123 367.030517578125 77
1710187156179 433.0012512207031 78
1710187156235 851.0967407226562 79
1710187156293 401.23675537109375 80
1710187156348 590.4249877929688 81
1710187156403 510.0682678222656 82
1710187156461 518.9082641601562 83
1710187156519 343.9110107421875 84
1710187156575 355.07421875 85
1710187156629 725.00830078125 86
1710187156686 487.5289306640625 87
1710187156742 291.72369384765625 88
1710187156796 334.89605712890625 89
1710187156851 440.3310241699219 90
1710187156906 425.2076416015625 91
1710187156962 457.01251220703125 92
1710187157017 486.69891357421875 93
1710187157073 602.3474731445312 94
1710187157128 332.5379333496094 95
1710187157184 392.8193359375 96
1710187157238 502.0882873535156 97
1710187157293 308.83392333984375 98
1710187157349 386.0818786621094 99
