1710187151752 48.70804214477539 0
1710187151810 39.35835647583008 1
1710187151866 40.450836181640625 2
1710187151924 39.0203971862793 3
1710187151981 40.70115661621094 4
1710187152038 36.75672912597656 5
1710187152094 37.99650192260742 6
1710187152150 37.265438079833984 7
1710187152204 37.816307067871094 8
1710187152258 40.14792251586914 9
1710187152313 37.37107849121094 10
1710187152366 38.03670883178711 11
1710187152422 34.69471740722656 12
1710187152476 35.52446746826172 13
1710187152532 35.610958099365234 14
1710187152588 34.26250076293945 15
1710187152647 32.878910064697266 16
1710187152702 33.421504974365234 17
1710187152756 33.67887878417969 18
1710187152812 32.172821044921875 19
1710187152866 32.3537712097168 20
1710187152924 31.730222702026367 21
1710187152981 31.1207332611084 22
1710187153038 32.52006530761719 23
1710187153094 34.051002502441406 24
1710187153150 31.583642959594727 25
1710187153206 31.7939395904541 26
1710187153261 31.9415225982666 27
1710187153316 33.51997375488281 28
1710187153374 32.22905349731445 29
1710187153430 28.410905838012695 30
1710187153484 29.86693572998047 31
1710187153539 26.661531448364258 32
1710187153594 27.533445358276367 33
1710187153649 27.7877140045166 34
1710187153705 28.091318130493164 35
1710187153760 28.490842819213867 36
1710187153814 24.990737915039062 37
1710187153870 25.259634017944336 38
1710187153932 25.899564743041992 39
1710187153989 25.706552505493164 40
1710187154045 27.520551681518555 41
1710187154101 22.682512283325195 42
1710187154155 23.328083038330078 43
1710187154211 22.415307998657227 44
1710187154265 21.280231475830078 45
1710187154320 22.44997787475586 46
1710187154376 21.392837524414062 47
1710187154433 19.80620765686035 48
1710187154488 19.521516799926758 49
1710187154543 19.893831253051758 50
1710187154599 19.85009765625 51
1710187154654 23.05347442626953 52
1710187154709 26.904621124267578 53
1710187154764 22.133991241455078 54
1710187154818 18.25336265563965 55
1710187154873 20.396324157714844 56
1710187154931 18.58233070373535 57
1710187154995 19.323833465576172 58
1710187155061 18.98366355895996 59
1710187155119 16.81209373474121 60
1710187155177 17.292966842651367 61
1710187155236 20.915498733520508 62
1710187155295 19.156408309936523 63
1710187155356 17.02605438232422 64
1710187155415 17.73772430419922 65
1710187155476 20.465797424316406 66
1710187155543 17.830163955688477 67
1710187155603 18.70275115966797 68
1710187155660 16.530481338500977 69
1710187155719 18.706741333007812 70
1710187155777 17.544401168823242 71
1710187155835 19.778470993041992 72
1710187155891 16.571382522583008 73
1710187155949 16.517383575439453 74
1710187156006 18.596494674682617 75
1710187156064 17.17534828186035 76
1710187156123 14.912223815917969 77
1710187156179 15.986361503601074 78
1710187156235 22.30197525024414 79
1710187156293 15.373785018920898 80
1710187156348 18.854122161865234 81
1710187156403 17.8786678314209 82
1710187156461 17.20087242126465 83
1710187156519 14.243922233581543 84
1710187156575 15.58917236328125 85
1710187156629 19.194103240966797 86
1710187156686 17.235675811767578 87
1710187156742 12.783790588378906 88
1710187156796 14.430755615234375 89
1710187156851 15.796364784240723 90
1710187156906 16.441740036010742 91
1710187156962 16.560256958007812 92
1710187157017 17.021831512451172 93
1710187157073 19.079164505004883 94
1710187157128 14.6741361618042 95
1710187157184 15.982028007507324 96
1710187157238 16.98626708984375 97
1710187157293 13.463343620300293 98
1710187157349 15.695525169372559 99
