1710187891439 14614.7001953125 0
1710187891460 14582.2041015625 1
1710187891476 14547.08984375 2
1710187891496 14506.09765625 3
1710187891511 14455.724609375 4
1710187891530 14411.0576171875 5
1710187891545 14346.2724609375 6
1710187891561 14292.7763671875 7
1710187891579 14229.1259765625 8
1710187891597 14152.5390625 9
1710187891616 14061.8388671875 10
1710187891632 13987.0078125 11
1710187891647 13886.7783203125 12
1710187891667 13820.7451171875 13
1710187891683 13713.2138671875 14
1710187891702 13609.4638671875 15
1710187891717 13485.62109375 16
1710187891733 13353.4521484375 17
1710187891752 13210.9912109375 18
1710187891767 13071.22265625 19
1710187891786 12909.1025390625 20
1710187891801 12779.7001953125 21
1710187891819 12539.544921875 22
1710187891836 12365.0849609375 23
1710187891853 12175.78515625 24
1710187891874 11945.1865234375 25
1710187891890 11674.88671875 26
1710187891912 11450.8671875 27
1710187891928 11165.412109375 28
1710187891942 10854.2724609375 29
1710187891960 10607.892578125 30
1710187891975 10330.6435546875 31
1710187891993 10066.568359375 32
1710187892008 9677.31640625 33
1710187892025 9308.673828125 34
1710187892040 8974.646484375 35
1710187892054 8718.4765625 36
1710187892073 8327.7900390625 37
1710187892088 7834.53955078125 38
1710187892103 7541.818359375 39
1710187892123 7218.42626953125 40
1710187892138 6683.1611328125 41
1710187892157 6325.74560546875 42
1710187892173 6031.74560546875 43
1710187892191 5691.77197265625 44
1710187892207 5427.552734375 45
1710187892224 4767.66259765625 46
1710187892240 4505.6513671875 47
1710187892255 4090.885986328125 48
1710187892275 3667.4697265625 49
1710187892290 3478.70654296875 50
1710187892310 3039.7529296875 51
1710187892324 2786.07568359375 52
1710187892339 2410.500244140625 53
1710187892358 2246.64111328125 54
1710187892374 1938.7816162109375 55
1710187892388 1808.3851318359375 56
1710187892408 1522.2271728515625 57
1710187892422 1390.7584228515625 58
1710187892440 1186.171875 59
1710187892454 1109.813720703125 60
1710187892469 1024.513671875 61
1710187892488 874.0205688476562 62
1710187892503 779.6818237304688 63
1710187892521 725.7665405273438 64
1710187892537 608.4171142578125 65
1710187892551 655.9063110351562 66
1710187892571 586.9124755859375 67
1710187892586 529.9322509765625 68
1710187892605 488.0535583496094 69
1710187892620 513.1439208984375 70
1710187892635 439.0120849609375 71
1710187892653 503.42047119140625 72
1710187892669 506.5859375 73
1710187892686 492.8035888671875 74
1710187892702 380.0860595703125 75
1710187892716 435.2250671386719 76
1710187892735 489.2611999511719 77
1710187892749 482.53167724609375 78
1710187892769 446.1108703613281 79
1710187892784 425.168701171875 80
1710187892799 404.3835144042969 81
1710187892818 396.7938232421875 82
1710187892833 426.4323425292969 83
1710187892851 465.2489318847656 84
1710187892866 365.3684387207031 85
1710187892884 414.75054931640625 86
1710187892899 427.0685119628906 87
1710187892916 432.3829345703125 88
1710187892931 375.9248962402344 89
1710187892944 412.80584716796875 90
1710187892962 437.3438720703125 91
1710187892975 454.0526428222656 92
1710187892993 404.0164794921875 93
1710187893006 367.693603515625 94
1710187893021 323.3743896484375 95
1710187895322 365.3684387207031 96
