1710187891439 113.83702087402344 0
1710187891460 113.71624755859375 1
1710187891476 113.55949401855469 2
1710187891496 113.41326141357422 3
1710187891511 113.20674133300781 4
1710187891530 113.01329803466797 5
1710187891545 112.75601196289062 6
1710187891561 112.50498962402344 7
1710187891579 112.25863647460938 8
1710187891597 111.95130157470703 9
1710187891616 111.56208038330078 10
1710187891632 111.23806762695312 11
1710187891647 110.84036254882812 12
1710187891667 110.52745819091797 13
1710187891683 110.06214904785156 14
1710187891702 109.62049865722656 15
1710187891717 109.0728530883789 16
1710187891733 108.50726318359375 17
1710187891752 107.8969955444336 18
1710187891767 107.26903533935547 19
1710187891786 106.60518646240234 20
1710187891801 106.01202392578125 21
1710187891819 104.96818542480469 22
1710187891836 104.16988372802734 23
1710187891853 103.41117858886719 24
1710187891874 102.27056884765625 25
1710187891890 100.99500274658203 26
1710187891912 100.01594543457031 27
1710187891928 98.69123840332031 28
1710187891942 97.26782989501953 29
1710187891960 95.99208068847656 30
1710187891975 94.6625747680664 31
1710187891993 93.48774719238281 32
1710187892008 91.39481353759766 33
1710187892025 89.56040954589844 34
1710187892040 87.81730651855469 35
1710187892054 86.45116424560547 36
1710187892073 84.1962661743164 37
1710187892088 81.53145599365234 38
1710187892103 79.75470733642578 39
1710187892123 77.96601104736328 40
1710187892138 74.53233337402344 41
1710187892157 72.7065200805664 42
1710187892173 70.55259704589844 43
1710187892191 68.01885986328125 44
1710187892207 66.53182983398438 45
1710187892224 62.244319915771484 46
1710187892240 60.21037673950195 47
1710187892255 56.78550720214844 48
1710187892275 54.12385559082031 49
1710187892290 51.81330490112305 50
1710187892310 48.28895568847656 51
1710187892324 45.875675201416016 52
1710187892339 42.502567291259766 53
1710187892358 40.67223358154297 54
1710187892374 37.49946212768555 55
1710187892388 35.69773864746094 56
1710187892408 33.13298416137695 57
1710187892422 31.411069869995117 58
1710187892440 28.786094665527344 59
1710187892454 27.24777603149414 60
1710187892469 26.77835464477539 61
1710187892488 24.227863311767578 62
1710187892503 22.600561141967773 63
1710187892521 21.924846649169922 64
1710187892537 20.22985076904297 65
1710187892551 21.073223114013672 66
1710187892571 20.00804901123047 67
1710187892586 18.57870864868164 68
1710187892605 17.60400390625 69
1710187892620 18.60526466369629 70
1710187892635 16.943086624145508 71
1710187892653 17.761737823486328 72
1710187892669 18.342958450317383 73
1710187892686 17.775962829589844 74
1710187892702 15.350236892700195 75
1710187892716 16.45154571533203 76
1710187892735 17.6440372467041 77
1710187892749 18.334510803222656 78
1710187892769 15.98946762084961 79
1710187892784 16.944286346435547 80
1710187892799 15.898115158081055 81
1710187892818 16.287643432617188 82
1710187892833 16.90471839904785 83
1710187892851 16.869943618774414 84
1710187892866 14.933089256286621 85
1710187892884 15.853594779968262 86
1710187892899 16.311216354370117 87
1710187892916 16.398332595825195 88
1710187892931 15.561229705810547 89
1710187892944 15.504108428955078 90
1710187892962 16.439655303955078 91
1710187892975 16.979480743408203 92
1710187892993 15.382369041442871 93
1710187893006 14.953566551208496 94
1710187893021 14.118886947631836 95
1710187895322 14.933089256286621 96
