1710187604843 14684.2158203125 0
1710187604900 14120.0791015625 1
1710187604955 12066.599609375 2
1710187605010 7226.61669921875 3
1710187605063 2285.1025390625 4
1710187605117 627.5732421875 5
1710187605170 413.89508056640625 6
1710187605226 350.65948486328125 7
1710187605280 310.3543701171875 8
1710187605333 278.07208251953125 9
1710187605386 257.2452697753906 10
1710187605438 242.88958740234375 11
1710187605490 230.59115600585938 12
1710187605542 222.51255798339844 13
1710187605594 216.2655487060547 14
1710187605647 213.40341186523438 15
1710187605700 210.49269104003906 16
1710187605753 209.42042541503906 17
1710187605805 204.41976928710938 18
1710187605857 203.75457763671875 19
1710187605909 201.22732543945312 20
1710187605960 200.05010986328125 21
1710187606012 203.2265625 22
1710187606065 205.61483764648438 23
1710187606118 202.5663604736328 24
1710187606170 200.88760375976562 25
1710187606222 203.8643798828125 26
1710187606275 198.8179168701172 27
1710187606327 198.8785400390625 28
1710187606379 205.2745361328125 29
1710187606431 199.7813720703125 30
1710187606483 199.64564514160156 31
1710187606535 198.68826293945312 32
1710187606587 198.22866821289062 33
1710187606639 201.0359344482422 34
1710187606691 197.71827697753906 35
1710187606745 195.05210876464844 36
1710187606797 198.81414794921875 37
1710187606849 205.15966796875 38
1710187606901 197.91819763183594 39
1710187606954 194.42230224609375 40
1710187607006 206.0572052001953 41
1710187607058 196.84658813476562 42
1710187607110 197.91566467285156 43
1710187607162 194.07281494140625 44
1710187607214 194.03724670410156 45
1710187607268 196.35572814941406 46
1710187607320 197.07232666015625 47
1710187607373 196.32151794433594 48
1710187607425 193.77719116210938 49
1710187607477 194.1273193359375 50
1710187607530 198.7603759765625 51
1710187607581 191.1024627685547 52
1710187607634 195.62118530273438 53
1710187607685 194.9740447998047 54
1710187607739 191.66790771484375 55
1710187607791 195.71533203125 56
1710187607843 192.46804809570312 57
1710187607894 189.0272979736328 58
1710187607947 199.5172119140625 59
1710187608000 193.0160675048828 60
1710187608052 194.55027770996094 61
1710187608104 192.9122314453125 62
1710187608157 192.1317596435547 63
1710187608209 190.72340393066406 64
1710187608262 194.66970825195312 65
1710187608314 189.67333984375 66
1710187608367 191.21217346191406 67
1710187608420 189.31808471679688 68
1710187608473 191.06983947753906 69
1710187608524 187.09188842773438 70
1710187608577 187.955078125 71
1710187608629 188.4994354248047 72
1710187608681 185.07635498046875 73
1710187608734 186.2221221923828 74
1710187608787 186.93666076660156 75
1710187608840 185.78890991210938 76
1710187608892 193.5464630126953 77
1710187608945 189.7758331298828 78
1710187608998 189.51109313964844 79
