1710187604843 114.02702331542969 0
1710187604900 111.5652847290039 1
1710187604955 102.09994506835938 2
1710187605010 76.62104797363281 3
1710187605063 39.32390213012695 4
1710187605117 20.499094009399414 5
1710187605170 16.636795043945312 6
1710187605226 14.997615814208984 7
1710187605280 14.07070541381836 8
1710187605333 13.214094161987305 9
1710187605386 12.345019340515137 10
1710187605438 11.94421672821045 11
1710187605490 11.553304672241211 12
1710187605542 11.323402404785156 13
1710187605594 11.180357933044434 14
1710187605647 11.30617904663086 15
1710187605700 11.088807106018066 16
1710187605753 10.888511657714844 17
1710187605805 10.770715713500977 18
1710187605857 10.969430923461914 19
1710187605909 10.918889999389648 20
1710187605960 10.633092880249023 21
1710187606012 10.877392768859863 22
1710187606065 10.816431999206543 23
1710187606118 10.792489051818848 24
1710187606170 11.026676177978516 25
1710187606222 10.847097396850586 26
1710187606275 10.568272590637207 27
1710187606327 10.861376762390137 28
1710187606379 10.753803253173828 29
1710187606431 10.696184158325195 30
1710187606483 10.774029731750488 31
1710187606535 10.650030136108398 32
1710187606587 10.633986473083496 33
1710187606639 10.714616775512695 34
1710187606691 10.643884658813477 35
1710187606745 10.386531829833984 36
1710187606797 10.602007865905762 37
1710187606849 10.813370704650879 38
1710187606901 10.745821952819824 39
1710187606954 10.468971252441406 40
1710187607006 10.833805084228516 41
1710187607058 10.600488662719727 42
1710187607110 10.647305488586426 43
1710187607162 10.452914237976074 44
1710187607214 10.542798042297363 45
1710187607268 10.584122657775879 46
1710187607320 10.66347885131836 47
1710187607373 10.591968536376953 48
1710187607425 10.622516632080078 49
1710187607477 10.433345794677734 50
1710187607530 10.67502212524414 51
1710187607581 10.412789344787598 52
1710187607634 10.606328010559082 53
1710187607685 10.43078327178955 54
1710187607739 10.524194717407227 55
1710187607791 10.476184844970703 56
1710187607843 10.48750114440918 57
1710187607894 10.660593032836914 58
1710187607947 10.690566062927246 59
1710187608000 10.439492225646973 60
1710187608052 10.502474784851074 61
1710187608104 10.541418075561523 62
1710187608157 10.493639945983887 63
1710187608209 10.419571876525879 64
1710187608262 10.507768630981445 65
1710187608314 10.359151840209961 66
1710187608367 10.657855033874512 67
1710187608420 10.2540864944458 68
1710187608473 10.454841613769531 69
1710187608524 10.229578971862793 70
1710187608577 10.395051002502441 71
1710187608629 10.3165283203125 72
1710187608681 10.280374526977539 73
1710187608734 10.330426216125488 74
1710187608787 10.232540130615234 75
1710187608840 10.268829345703125 76
1710187608892 10.444267272949219 77
1710187608945 10.402759552001953 78
1710187608998 10.411032676696777 79
