1713610864883 114.27058410644531 0
1713610864914 114.05534362792969 1
1713610864929 113.83943176269531 2
1713610864946 113.63550567626953 3
1713610864964 113.41051483154297 4
1713610864980 113.14984130859375 5
1713610864994 112.93220520019531 6
1713610865009 112.62754821777344 7
1713610865024 112.27098846435547 8
1713610865053 111.9582290649414 9
1713610865068 111.55490112304688 10
1713610865084 111.05026245117188 11
1713610865099 110.4996566772461 12
1713610865115 109.94270324707031 13
1713610865130 109.2898941040039 14
1713610865144 108.54810333251953 15
1713610865159 107.5466537475586 16
1713610865197 106.49669647216797 17
1713610865212 105.46783447265625 18
1713610865227 104.11380767822266 19
1713610865241 102.75419616699219 20
1713610865256 100.96591186523438 21
1713610865270 99.31675720214844 22
1713610865286 97.10871124267578 23
1713610865301 94.7382583618164 24
1713610865317 92.496337890625 25
1713610865332 90.0052261352539 26
1713610865347 87.11335754394531 27
1713610865361 83.87945556640625 28
1713610865378 80.70246887207031 29
1713610865392 77.6926040649414 30
1713610865444 73.94092559814453 31
1713610865458 70.11964416503906 32
1713610865472 66.20777893066406 33
1713610865486 62.456993103027344 34
1713610865501 57.4091911315918 35
1713610865515 54.007667541503906 36
1713610865529 49.468788146972656 37
1713610865543 45.18505859375 38
1713610865559 39.83685302734375 39
1713610865573 36.45309829711914 40
1713610865590 32.660125732421875 41
1713610865604 29.746450424194336 42
1713610865618 26.418163299560547 43
1713610865632 25.6597843170166 44
1713610865646 21.94037628173828 45
1713610865660 20.180322647094727 46
1713610865675 18.89626121520996 47
1713610865690 18.131114959716797 48
1713610865704 17.535755157470703 49
1713610865718 17.68829917907715 50
1713610865732 16.921985626220703 51
1713610865746 16.410900115966797 52
1713610865761 16.288942337036133 53
1713610865816 14.998779296875 54
1713610865830 15.388927459716797 55
1713610865844 14.525961875915527 56
1713610865858 14.4478759765625 57
1713610865873 15.736170768737793 58
1713610865888 14.153465270996094 59
1713610865903 14.562421798706055 60
1713610865917 14.685279846191406 61
1713610865931 14.918173789978027 62
1713610865945 14.360403060913086 63
1713610865959 13.659127235412598 64
1713610865972 14.0471830368042 65
1713610865986 14.266770362854004 66
1713610866000 13.816864967346191 67
1713610866014 13.438833236694336 68
1713610866028 13.774601936340332 69
1713610866043 13.325234413146973 70
1713610869082 14.562421798706055 71
