1713610864883 14714.5703125 0
1713610864914 14666.177734375 1
1713610864929 14617.0458984375 2
1713610864946 14573.2978515625 3
1713610864964 14523.47265625 4
1713610864980 14463.68359375 5
1713610864994 14413.3779296875 6
1713610865009 14347.3134765625 7
1713610865024 14268.1298828125 8
1713610865053 14195.43359375 9
1713610865068 14104.9658203125 10
1713610865084 13991.1279296875 11
1713610865099 13869.142578125 12
1713610865115 13736.087890625 13
1713610865130 13590.84375 14
1713610865144 13419.306640625 15
1713610865159 13194.947265625 16
1713610865197 12959.646484375 17
1713610865212 12718.20703125 18
1713610865227 12423.5595703125 19
1713610865241 12115.4248046875 20
1713610865256 11739.3525390625 21
1713610865270 11372.931640625 22
1713610865286 10894.4990234375 23
1713610865301 10415.052734375 24
1713610865317 9967.3603515625 25
1713610865332 9458.73828125 26
1713610865347 8901.57421875 27
1713610865361 8299.6552734375 28
1713610865378 7741.74853515625 29
1713610865392 7217.08203125 30
1713610865444 6568.92822265625 31
1713610865458 5976.07177734375 32
1713610865472 5401.0068359375 33
1713610865486 4859.67041015625 34
1713610865501 4153.87109375 35
1713610865515 3739.763671875 36
1713610865529 3199.880859375 37
1713610865543 2717.91748046875 38
1713610865559 2214.9619140625 39
1713610865573 1863.467529296875 40
1713610865590 1524.39892578125 41
1713610865604 1247.621337890625 42
1713610865618 1005.6009521484375 43
1713610865632 904.41064453125 44
1713610865646 702.6683349609375 45
1713610865660 601.6061401367188 46
1713610865675 529.2667846679688 47
1713610865690 485.01690673828125 48
1713610865704 473.42657470703125 49
1713610865718 463.8276672363281 50
1713610865732 450.3695068359375 51
1713610865746 428.433837890625 52
1713610865761 399.6314697265625 53
1713610865816 357.7128601074219 54
1713610865830 386.552001953125 55
1713610865844 332.107177734375 56
1713610865858 350.36309814453125 57
1713610865873 391.4058532714844 58
1713610865888 338.2518310546875 59
1713610865903 319.6241149902344 60
1713610865917 326.19647216796875 61
1713610865931 346.39453125 62
1713610865945 302.8119812011719 63
1713610865959 325.5366516113281 64
1713610865972 331.0169677734375 65
1713610865986 346.9930725097656 66
1713610866000 326.58270263671875 67
1713610866014 293.22296142578125 68
1713610866028 300.2955322265625 69
1713610866043 283.294921875 70
1713610869082 319.6241149902344 71
